Sample	Signature.1	Signature.2	Signature.3	Signature.4	Signature.5	Signature.6	Signature.7	Signature.8	Signature.9	Signature.10	Signature.11	Signature.12	Signature.13	Signature.14	Signature.15	Signature.16	Signature.17	Signature.18	Signature.19	Signature.20	Signature.21	Signature.22	Signature.23	Signature.24	Signature.25	Signature.26	Signature.27	Signature.28	Signature.29	Signature.30
TCGA-2F-A9KO-01A-11D-A38G-08	33.0810093918796	72.540515910746	0	0	0	0	43.9064065345573	0	0	41.2186586521184	0	0	310.750212863148	0	0	0	0	0	0	3.93026928792835	0	0	0	19.102291304317	0	0	0	0	0	0
TCGA-2F-A9KP-01A-11D-A38G-08	25.7638929978476	23.8009866496806	0	0	0	12.9169779339727	1.00868496138549	0	0	14.2003868425385	0	0	29.2624238840869	0	8.85659693351576	3.97229410049538	1.29125683514373	0	0	0	0	1.47589890043877	0	0	0	2.86038475579837	0	0	0	0
TCGA-2F-A9KQ-01A-11D-A38G-08	18.7446806169584	0	3.04377872106741	0	0	10.4124829403036	2.66238674393911	0	0	6.15295554215837	0	0	12.034471335069	0	0	6.20929246642052	3.46244563690717	0	0	0	2.29984918151155	0	0	0.936798596877206	0	0	0.201286883061913	0	0	0
TCGA-2F-A9KR-01A-11D-A38G-08	43.6920209000391	53.4397182341782	0	0	0	0	26.3882104079811	0	0	16.6961342174997	0	0	68.9328297281227	0	2.6287804294901	0	0.881978534433614	0	0	0	0	1.16285508089439	0	11.1425225488631	0	0	0	0	0	0
TCGA-2F-A9KT-01A-11D-A38G-08	35.5915407089334	66.5854096389048	0	0	0	0	40.4730199252937	0	0	29.1637814784909	0	0	168.122092393597	0	0	0	1.6931573399013	0	0	0	0	0	0	9.19378525478436	0	0	0	0	0	0
TCGA-2F-A9KW-01A-11D-A38G-08	13.8421042840234	4.10445281825857	10.0234832844246	1.1908200618866	0	9.34996253809709	18.5185870002022	9.59608487563375	0	0	0.288027171969567	0	13.5370340041459	3.50975839059143	0	0	9.75105325232204	1.71261612344751	0	0	0	0	0	0	0	0	0	0	6.66778812437476	0
TCGA-4Z-AA7M-01A-11D-A391-08	57.652868912197	100.232661295687	0	0	0	0	67.4790623846792	0	0	19.6345629861988	0	0	222.604771198213	0	0	0	3.14974538368929	0	0	0	0	0	0	16.1042975367302	0	0	0	0	0	0
TCGA-4Z-AA7N-01A-11D-A391-08	1.21181682255015	4.76604560510436	0	0	0	1.27919796843699	0.323291688113279	0	0	0	0	0	5.68587702888095	0	3.64956692210235	0	0	0.715247343201401	0	0	0	0	0	0	0	0	0	0	0	0
TCGA-4Z-AA7O-01A-31D-A391-08	28.6201108307012	10.2667696505647	3.23000994760384	0	0	9.18526164138647	28.3697228315087	0	0	9.97417254620801	0	0	49.1317141048769	0	0	0	0	2.94336450890317	0	0	10.3412144252729	1.05453338220923	0	3.59637235848533	0	0	0	0	2.00887492048589	0
TCGA-4Z-AA7Q-01A-11D-A391-08	37.3465259946011	10.256052010462	0	24.7483263383213	0	1.05064670623261	22.3208678735424	0	0	11.9441140462796	0	2.57686749656175	124.40616971644	0	0	0	0.26432162800589	0	0	0	0.146819507944028	0	0	0	0	0	0	0	0	0
TCGA-4Z-AA7R-01A-11D-A391-08	27.6828453370301	81.3966471629288	0	0	0	14.4423277140118	30.3975005041466	0	0	24.7827051088852	0	0	136.245223433658	0	0	0	0	0	0	0	0	1.24925810496831	0	6.80179154053038	0	0.130778193380875	0	0	0	0
TCGA-4Z-AA7W-01A-11D-A391-08	6.78588081362265	75.9046231158646	0	0	0	20.8704430619653	32.152878110144	0	0	20.6991164815276	0	0	320.768719879727	0	0	0	8.16750418735179	0	0	2.33792753966429	0	0	0	14.733404915319	0	0	0	1.28589083624078	0	0
TCGA-4Z-AA7Y-01A-11D-A391-08	14.8095899210192	77.9485177892872	2.51279986203038	0	0	1.74948683406714	31.1037485767892	0	0	24.7972199769423	0	0	107.942854261568	0	0	0	0	3.00706775091965	0	0	0	0	0	0	0	0	0.384692230079547	0	0	2.83194813175726
TCGA-4Z-AA80-01A-11D-A391-08	69.7689523591738	75.7889984541878	0	9.31640922515437	0	0	19.8089798440007	0	0	41.3132141415043	0	0	143.443694325671	0	0	0	0	0	0	17.6469404943561	0	0	0	3.47309112907108	0	0	0	0	0.996051765088939	0
TCGA-4Z-AA81-01A-11D-A391-08	29.5254223274264	65.2771084813559	0	0	0	0	2.9584734310742	0	0	29.0069798990188	0	0	73.3740446605855	0	0	0	0	0	0	0	0	0	0	0	0	0	0	0	0	0
TCGA-4Z-AA82-01A-11D-A391-08	39.3687458700335	17.2870336950877	12.8031519320176	0	0	0	0	0	0	0	0	0	14.3503641577901	2.52652900957934	0	0	0	6.71435242418784	0	0	0	0	1.18314828161713	0	0	0	0.45123356025573	0	7.6112486927191	1.14982568548431
TCGA-4Z-AA83-01A-11D-A391-08	31.8649580792296	10.085099520448	0	0	0	0	5.415531745651	0	0	5.56601140311841	0	0	17.1899764703089	0	0	0	0.625402367270997	0	0.287904447043788	0	0.725227001021519	0	0	0	0	0	0	0	7.39568053363757	0
TCGA-4Z-AA84-01A-11D-A391-08	31.5684122910536	193.275891759102	0	0	0	33.7650472265917	44.3904097144059	0	0	29.4241412917529	0	10.0687118675998	0	0	0	9.81264847783893	0.168693973453338	0	0	11.0262642083404	0	8.82349938584111	0	24.3934433234626	0	25.7807205252001	0.560462282871449	2.13950268095339	0	0
TCGA-4Z-AA87-01A-11D-A391-08	32.5281135193547	14.0536338559436	0	0	0	38.4228919463792	28.5015362084652	0	0	13.6517800975585	0	0	91.7959471813253	0	0	0	10.0945344913997	0	0	0	0	0.577225615912816	0	4.22047888236398	0	0	0	0	0	0
TCGA-4Z-AA89-01A-11D-A391-08	18.9253283532797	15.7191262598865	0	0	0	9.85608941222869	2.71725180037442	0	0	3.39684554580132	0	0	69.8990702864153	0	0	0	0	0	0	0	0.925680701804703	11.054772853759	0	0	0	0	0	0	0	0
TCGA-5N-A9KI-01A-31D-A42E-08	24.0605708725566	24.487962778335	0	0	0	15.7823838106938	27.1512216571299	0	0	13.5773563809748	0	0	26.7472483110403	0	0	0	1.27224464205271	0	0	0	0	7.83109058788117	0	0	0	2.6532443614946	0	0.539988067691015	8.3958296137065	0
TCGA-5N-A9KM-01A-11D-A42E-08	7.6736064967311	0.588551377181862	0	13.7804475373733	0	9.23902149858054	19.5232677753919	0	0	0	0	4.0308439958041	10.1597470176931	0	0	25.9449076041086	0	0	0	9.49444427901243	0	1.1479167146444	8.62509096367338	0.0114758365410278	4.69631829745535	39.1893910695926	0	0	10.7561028916568	18.6677825026712
TCGA-BL-A0C8-01A-11D-A271-08	31.2842506790618	11.8313580272236	0	0	0	14.9003882822171	6.47927913012938	0	0	7.59056360143913	0	0	29.9969449843803	0	0	0.15605384294425	1.30606549313763	0	0	0	0	0.641789493226133	0	0	0	2.17360824956756	0	0	0	0
TCGA-BL-A13I-01A-11D-A271-08	15.6355832456229	5.57078775923043	1.3475166870504	0	0	0	3.59289008526756	0	0	0	0	0	40.5496962991527	0	0	3.83119248856792	2.33422529649748	0	0	7.99105571003433	0	0	0.230012956175319	0	0	1.34788632701972	0	5.01277842086167	0	9.83030794027281
TCGA-BL-A13J-01A-11D-A271-08	29.819893878645	5.4834582764017	0	15.093046439329	0	0	0	0	0	0	0	0	28.4501655045169	0	0	15.8731860558024	0.179601764180753	0	0	0	0	0.672845531535793	3.55245455531808	0	0	0	0	0.80333949802956	0	1.14388203357367
TCGA-BL-A3JM-01A-12D-A21A-08	29.6923431950006	29.5072007193172	0	27.1840441174307	0	1.39292680391546	19.3667900329623	0	0	0	0	0	44.8562392274553	0	0	0	4.17915204765357	0	0	15.4767035475739	0	0	0	0	0	6.52288600151601	0	0	0	0
TCGA-BL-A5ZZ-01A-31D-A30E-08	21.7674505013936	21.3843618330493	0	0.74419488354201	0	25.6420248021568	24.5054175589936	0	0	2.69954371968198	0	0	28.1454029311917	0	0	19.0233951749365	0	0	0	0	0	4.7056230651336	0	3.11638361070763	0	0	0	0	0	0
TCGA-BT-A2LD-01A-12D-A20D-08	50.6455919438574	2.88410532137486	0	0	0	14.9598729271842	8.9483110318571	0	0	0.586583320109382	0	0	12.9185892133445	0	9.31349132183477	0	0.0625196675811097	0	0	0	0	0	0	0	0	0	0	0	2.00091350422298	0
TCGA-BT-A3PK-01A-21D-A21Z-08	32.9009997002894	26.0801914613271	37.7537963709272	29.3346972120283	44.7452861425649	3.47933177563526	6.74299297302692	0	0	0	0	0	75.4128438201855	2.70495890182816	10.7336456140088	37.0820775089438	0	0	0	8.09035091657468	0	0.980878198734053	0	0	0	12.0064302655265	0	5.19079777138417	0	6.33325110976503
TCGA-BT-A42C-01A-11D-A23M-08	42.8795588807712	48.3312347220424	118.295395383752	26.4605080009989	0	0	13.8753312805962	0	0	19.6879051045201	0	0	86.7063958726829	0	0	0	0	0	0	0	0	0	14.0132663837106	0	0	0	0	0	0	0
TCGA-BT-A42E-01A-11D-A23U-08	38.2224701275056	22.0892584560383	9.1068712878295	0	0	0	13.1060435533041	0	0	2.86536071396473	0	0	83.51469058322	0	0	0	0	0	0	0	0	0	0	0	0	10.8737600165353	0	0	0	0
TCGA-BT-A42F-01A-11D-A23U-08	3.44838557176572	40.4234133949561	0	0	0	0	16.2547252659022	0	0	1.24231708216373	0	0	92.9133385618131	0	11.134922023872	0	1.22527601465857	0	0	0	4.75628346892059	0.941100589111753	0	1.95839650827809	0	0	0	0	0	0
TCGA-C4-A0EZ-01A-21D-A10S-08	61.1857494534094	13.459573558596	0	0	0	0.263578218103457	17.9559317355205	0	0	18.180324441796	0	9.94284057257746	33.618094874205	0	0	0	0	0	0	3.56730952925504	0	0.336617205697941	0	4.00347119753971	0	0	0	0	0	15.0413294468871
TCGA-C4-A0F0-01A-12D-A10S-08	26.1680447464604	1.69187207590862	0.538056197427315	14.3659082364512	0	0	0	0	0	0	9.54389477008321	0	10.2690010716283	0	0	15.7289512342547	2.74707813413214	0	0	1.09884667279793	0	0.957475198583326	0.556297087800182	0	0	0.786046254413827	0	0	0	0
TCGA-C4-A0F1-01A-11D-A10S-08	48.3660103751862	33.6761122078042	0	0	0	1.29300016118626	22.8284856809488	0	0	12.3073179599647	0	0	45.2280712456743	0	0	0	0	0	0	0	0	0.135672497543437	0	8.23672985849816	0	0	0.014769719385186	0	0	0
TCGA-C4-A0F6-01A-11D-A10S-08	42.3590961657527	14.8445658132819	1.3856218260663	0	0	0	22.5602882659762	0	0	6.25626106517967	1.64638622457345	0	89.784610973645	0	0	21.8963539306317	1.66380321859258	0	0	0	0	0	0	0	0	0	0	0	0	0
TCGA-C4-A0F7-01A-11D-A10S-08	35.4808441592803	4.29117962601803	6.37171249459047	0	0	0	1.51126255411148	0	0	3.95137714896173	0	0	4.73247371414894	0	0	0	0	0	0	0	0	2.02571234911196	0	0	0	0	0.0983412915266448	0	13.0323534750242	0.606967513701491
TCGA-CF-A1HR-01A-11D-A13W-08	25.6212576212132	64.3622526289948	0	0	0	0	31.383489972944	0	0	20.0204201794736	0	0	110.276070291893	0	0	1.95667103326471	0	0	0	0	4.92532842660179	9.34617801489653	0	0	0	0	0	0	0	0
TCGA-CF-A1HS-01A-11D-A13W-08	4.69956929923838	0	25.675742186382	0	0	5.05328793608836	0	0	0	17.4119664396355	6.48981170058948	13.0720732472345	137.302214628903	0	10.9745355564798	0	0	0	0	0	0	6.11833773668672	0	3.69565224769082	0	0	0	3.66685608410071	0	0
TCGA-CF-A27C-01A-11D-A16O-08	16.2063827212538	16.7006036583135	0	0	0	7.77154274364271	10.35519366317	0	0	0	0	0	75.8259198832189	0	2.98321261916376	5.00638100412461	0.531617039974152	0	4.21648106512121	0	0	0.0343660788636529	0	0	0	0	0.0427751756356617	0	0	0
TCGA-CF-A3MG-01A-11D-A20D-08	26.2867615700079	17.6353429390026	0	0	0	0	13.335605760193	0	0	1.6835428496962	0	0	65.2191929478359	0	0	0	0	2.71297529542018	0	0	1.08565589019218	0	0	0	0	4.06156080954543	0	0	0	0
TCGA-CF-A3MH-01A-11D-A20D-08	24.4676521263109	0	0	0	0	0	0	0	0	0	0	0	7.24167574829275	0	11.6461517189147	0	0	0	0	0	0	1.84485910089141	0	0	0	0	0	0	3.31984156493197	0
TCGA-CF-A3MI-01A-11D-A20D-08	36.6743069946702	0.654793356179408	0	0	0	0	0	0	0	3.76637865186731	0	0	18.4011742998379	0	2.88834239779985	0	0	0	0	0	0	0.60284324718457	0	0	0	0.658723799395026	0	5.13908349868107	0	0
TCGA-CF-A47S-01A-11D-A23U-08	13.2930009720793	0.389369434394049	0	0	0	2.48519779395571	0	0	0	0	0	0	0	0	8.91922657548745	0	0	0.95221602906799	0	0	0	0	0	3.53934642581529	0	0	0	0	0	0
TCGA-CF-A47T-01A-11D-A23U-08	10.1639045300252	3.12898765431517	0	0.768564328367869	0	0	1.09482693203168	0	0	3.44514495186983	0	0	1.00541165564501	0	0	0	1.36477966893673	0	0	0	0	0	0	0	0	0	0	0	0	6.05431741450004
TCGA-CF-A47V-01A-11D-A23U-08	16.6427809185713	8.00135710086487	11.3406929622237	0	0	0	11.5673700932684	0	0	0	0	0	20.9457060856338	0	0	0	0.941319080342829	0	0	8.80554419296575	0	0	0	0	0	0	0.175784770977406	0	0	0
TCGA-CF-A47W-01A-11D-A23U-08	6.79786260202698	3.1699634357277	0	0	0	6.0748199884593	0	0	0	2.12213524858414	0	0	0	0	0.785448897850364	1.80683916294162	0	0	0	0	0	0	0	0	0	0	2.28544791196057	0	0	8.92573474107014
TCGA-CF-A47X-01A-31D-A23U-08	54.9499098036527	69.5617247641464	0	0	0	0	46.4090850763077	0	0	12.4455366071681	0	0	120.398906110253	0	0	0	0	0	0	0	0	0.532558896914665	0	14.2235794728197	0	0	0	0	0	0
TCGA-CF-A47Y-01A-11D-A23U-08	7.04570778545005	1.6136413651727	0	7.94042974088144	0	0	0	0	0	9.29386658081506	4.39514882832619	0	18.1746077185326	0	7.51348671773319	7.69177067493574	0	0	0	0	0	0	1.75506036194156	0	0	0	0.335754707039565	0	0	0
TCGA-CF-A5U8-01A-11D-A289-08	6.06971679182373	0	0	5.20033705558044	0	9.7439170618251	1.50539346752761	0	0	0.534618758164314	2.22270340220717	0	0.733952690528075	0	1.09740800563706	12.2027054874083	0	0	0	0	0	0	0	3.06559389941787	0	0	0	0	0	0
TCGA-CF-A7I0-01A-22D-A34U-08	12.2212887916531	9.99858327859139	0	0.0544875036367124	0	5.18011292664176	2.57551883879426	0	0	0.143757429185341	0	0	4.92235982128064	0	3.27644385628466	0.618350119476053	0	0	0	0	0	2.64234756056177	0	1.49992498004494	0	0	0	0	0	0
TCGA-CF-A8HX-01A-11D-A364-08	2.26944406167033	14.7818173118158	0	0	0	17.6174548680676	7.29156167241313	0	0	3.93463142840537	0	0	13.0785009657687	0	0	0	0	0	0	0	0	0	0	1.22532388764816	0	0	0	0	0	0
TCGA-CF-A8HY-01A-11D-A364-08	10.6060042580387	3.54307526549842	0	0.778358651958154	0	0	10.533832062202	0	0	5.91442091753636	0	0	17.9492232716034	0	0	0	0	0.604867464637759	0	0	0	0	0	7.85296324784608	0	0	0	0	19.3995425281268	0
TCGA-CF-A9FF-01A-11D-A38G-08	28.1046790192438	41.088864272479	0	0	0	0	23.6783092663854	0	0	6.67736672061285	0	0	37.6455306749491	0	0	0	0.803137569943482	0	0	0	0	0	0	6.62161117911289	0	0	0	0	0	0
TCGA-CF-A9FH-01A-11D-A38G-08	18.7310559025689	0	0	0	0	1.66530093425842	0	0	0	4.60936164028911	0	0	0.937091115678789	0	0	0	2.79693685298354	0	0	0	0	5.9680869316858	0	4.23334206623428	0	0	0	0	0	0
TCGA-CF-A9FM-01A-11D-A38G-08	0.295025281015221	0	0	0	0	0	0	0	0	0	0.950864801244595	0	0	0	4.29332479001658	13.7967012757094	0	0	0	0	0	0	0	0	0	0	0	0	0	0
TCGA-CU-A0YN-01A-21D-A10S-08	25.9704700567605	4.75325475911326	0	38.2686658620828	0	4.83619140666631	14.4725092027728	0	0	0	0	0	7.64925427977832	0	6.12838151198421	36.8425355685855	0	0	0	0	0	1.58948832699605	10.6415141369531	0	0	1.1223464841235	0	0	0	0
TCGA-CU-A0YR-01A-12D-A10S-08	0	0.227934999764578	44.7206049760199	0	11.482153062993	28.2317938521202	12.7004354779736	0	0	0	0	0	3.73825969416692	0	3.86684523934572	11.9485501626757	6.43520382151595	0	0	0	6.97021569294422	2.36733036002348	0	0	0	0	0	1.90050964158211	0	0
TCGA-CU-A3KJ-01A-11D-A21A-08	23.3063942215718	27.6561943555532	0	0	0	0	25.6590204380755	0	0	0	0	0	100.385797181494	0	0	0	0	0	0	10.5185500460687	0	0	0	11.1349095411592	0	6.32345362364616	0	0	0	0
TCGA-CU-A3QU-01A-11D-A22Z-08	31.725547321769	10.4908896893469	0	0	0	0	20.519732635488	0	0	6.78272319974338	0	0	16.1086524592579	0	0	2.93036252376298	0	1.41610701925881	0	0	0.351608301599141	0	0	0	0	0	0	0	0	0
TCGA-CU-A3YL-01A-11D-A22Z-08	40.8447322225317	37.708577479702	0	0	0	0	14.5408822490433	0	0	7.82944818246232	0	0	102.303964120912	0	0	0	0	0	0	0	0	0.487437088091835	0	9.71161216894779	0	0	0	0	0	0
TCGA-CU-A5W6-01A-11D-A289-08	38.6542188866417	58.5685149289954	0	0	0	0	9.87246929226617	0	0	13.7367791914664	0	0	72.1434188148097	0	0	14.8470686729506	0	0	0	4.66832684791045	0	0	0	1.86954216397182	0	0	0	0	0	0
TCGA-CU-A72E-01A-12D-A339-08	17.5117902092091	9.8235277614006	0	3.02557666217041	0	0	5.09120673773396	0	0	5.38869341343759	0	1.83260307133443	33.7543722897408	0	0	0	0	1.69441243529789	0	4.58125774041352	0	3.2412300183286	0.7479742352605	0	0	0	0	0.518415926143429	0	4.63242127781194
TCGA-DK-A1A3-01A-11D-A13W-08	46.6463716661596	230.274152473376	0	0	0	0	97.6060023954892	0	0	29.2265411385498	0	0	126.958404948223	0	0	0	0	0	0	0	8.67590000738258	0	0	23.2153221891285	0	37.0987898997777	0	0	0	0
TCGA-DK-A1A5-01A-11D-A13W-08	19.7342301953584	48.9464606728667	0	0	0	13.7727071011098	32.3160673793549	0	0	16.7957983186254	0	0	122.670250357062	0	0	0	0	0	0	0	0	3.86984614666719	0	0	0	0	0	0	0	0
TCGA-DK-A1A6-06A-11D-A42E-08	44.2153109863216	31.2762675051777	5.77734678119329	0	0	0	20.9383052567851	0	0	9.45275117590077	0	3.55512881024609	126.079338885104	0	0	0	6.11951261456523	0	0	0	6.32376437168022	2.09434169116435	0	0	0.262922381808776	0	0	0	2.83415942590572	0
TCGA-DK-A1A7-01A-11D-A13W-08	36.250147180682	27.2989967345489	28.6442721901636	0	67.2477323832681	0	9.97535950277079	0	0	0	0	0	3.88975447396144	0	0	4.30378898936127	0	7.90075370121628	0	0	0	0	0	0	0	14.6137043199468	0	0	0	2.67070423451699
TCGA-DK-A1AA-01A-11D-A13W-08	4.19909379274833	9.53651427084731	0	10.6788046292613	0	18.3878691946339	0	0	0	2.60799682393337	0	8.31944491603035	3.3959804384987	0	1.51205714431948	18.2683121711141	0	0	0	0	0	0	0	7.75369485518185	0	0	0.609517018269951	0	0	0
TCGA-DK-A1AB-01A-11D-A13W-08	20.9803884576339	69.6747094398682	13.3768870222353	0	0	0	0	0	0	0	0	0	88.1797931239407	0	0	0	0	0	0	0	0	1.58793777313484	0	0	0	0	0	0	0	0
TCGA-DK-A1AD-01A-11D-A13W-08	3.1364522177471	36.6759073632914	15.9916043367329	0	0	22.6734596254516	18.8537810722077	0	0	11.9605909642885	0	0	59.178487167264	0	5.3383191714166	12.4079668920988	0	0	0	0	0	1.59335381077707	0	15.3276853148588	0	21.7663362832865	0	0	0	0
TCGA-DK-A1AE-01A-11D-A13W-08	27.7762174453382	18.3897880102924	0	0	0	0	3.13263009615257	0	0	3.22394337346359	0	0	34.1281284341714	0	7.85673452006217	0	2.49634037712642	0	0	0	0	0	0	12.3499981049285	0	0	1.45980062215905	0	0	0
TCGA-DK-A1AF-01A-11D-A13W-08	2.60926458870086	23.9053619890547	0	0	0	0	13.7076195904331	0	0	9.03369045443685	0.697249080364828	0	53.6546964426346	0	5.43355909055747	0	0	0	0	0	0	0	0	0	0.00933051483404699	0	0	0	0	0
TCGA-DK-A1AG-01A-11D-A13W-08	21.1375677464411	23.0653879612378	0	0	0	0	11.8307323518226	0	0	10.0817873170121	0	0	49.1782157152455	0	0	0	1.37360214131384	0	0	0	0.100741894884291	0.544424214838169	0	0	0	0.0516829046312294	0	0	0	0
TCGA-DK-A2HX-01A-12D-A18F-08	9.79772779930201	18.7449834336032	0	0	0	10.2763773651917	27.0092254517046	0	0	0.983985528319334	0	0	23.4605900890557	0	0	1.21700929134856	0	1.76195874362464	0	0	0	0	0	10.5322832999019	0	0	0	0	0	1.05754454791157
TCGA-DK-A2I1-01A-11D-A17V-08	0	20.152072535108	0	528.465070519945	0	0	0	0	0	10.9378920908336	0	0	95.5989939647711	38.0076209882946	0	0	0	185.810104342581	0	278.69950806665	0	0	0	0	0	0	0	0	0	0
TCGA-DK-A2I2-01A-11D-A17V-08	0	8.35599971221658	0	401.370335434056	0	0	0	0	0	0	0	0	13.5097382580618	0	0	0	0	59.0368048430255	0	158.62137463568	0	0	0	0	0	0	0	0	0	0
TCGA-DK-A2I4-01A-11D-A21A-08	71.0271648830731	316.534188453477	0	0	0	0	105.130955426132	0	0	61.4571976940212	0	0	325.572834855288	0	0	0	0	0	0	0	0	0	0	0.366270031065606	0	0	0	0	0	0
TCGA-DK-A2I6-01A-12D-A18F-08	27.1237104271792	61.1515339388681	8.906614302223	3.86452128474798	0	0	32.6018305598072	0	0	14.8444036619754	0	8.84835659622342	24.1895483533403	0	0	22.3367349149452	14.3780162687195	0	0	18.5261076672507	0	0	0	9.35672974372527	0	3.01221479735083	2.01721931611696	0	0	0
TCGA-DK-A3IK-01A-32D-A21A-08	35.096052417843	17.1326277521546	67.5982388001846	12.583619641458	0	20.0778783331707	0	0	0	12.1128066417967	0	0	60.7104521566745	0	0	0	0	0	0	0	0	0	0	0	0	0	0	0	0	0
TCGA-DK-A3IL-01A-11D-A20D-08	11.2195552088428	0	44.863469382897	3.11901111378684	0	25.3987285848453	8.94154901241228	0	0	10.2583862939439	4.85416499599524	0	15.8168101375038	0.448311404047448	0	0	0	0	0	0	7.88203341780968	0	0	3.30359629132552	0	0	0	0	46.2779397620946	0
TCGA-DK-A3IM-01A-11D-A20D-08	13.55825876352	1.75862469249129	8.47935787568746	7.55774373303061	0	21.9759032484171	2.38789812689641	0	0	0	0	0	0.648488676871035	0	1.78054647403266	0	2.25928547677241	0	0	0	3.07478171097959	0	3.26775222509023	0	0	0	0	0	0	0
TCGA-DK-A3IN-01A-11D-A20D-08	41.200939219173	88.3856965753361	0	0	0	0	29.7535157877821	0	0	20.7902147368147	0	0	163.847646755417	0	0	0	0	0	0	0	3.32709134789033	0	0	1.76895985830841	0	0	0	0	0	0
TCGA-DK-A3IQ-01A-31D-A20D-08	23.3795542635447	52.5739182853992	5.11123179818652	9.03375593703726	0	0	0	0	0	15.699365063547	0	0	49.9247843099922	0	0	2.09559418185248	0	0	1.99396760458495	0	1.1418582226113	0	1.06302247568786	11.4666735584615	0	0	0	0	0	0
TCGA-DK-A3IS-01A-21D-A21A-08	36.1137268102321	97.4242175966145	0	0	0	0	24.9990547067417	0	0	15.7512831813326	0	0	133.006652009616	0	15.8235038036202	0	0	0	0	0	0	0	0	0	0	0	0	0	0	0
TCGA-DK-A3IT-01A-31D-A20D-08	25.1850601269733	65.099807708998	0	7.4069911462911	0	0	27.4701225250641	0	0	30.827830911757	0	0	247.019218129308	0	0	0	0	0	0	0	0	0	0	15.1898328586037	0	0	0	0	0	0
TCGA-DK-A3IU-01A-11D-A20D-08	43.4341725304163	118.360830844822	0	23.8447632065424	0	0	30.8670344937401	0	0	17.3069433381592	0	7.64223682497404	111.762766604511	0	0	0	5.0743918144245	0	0	1.08893834992502	0.477710276358637	3.78076222033784	0	0	0	0	0	0	0	0
TCGA-DK-A3IV-01A-22D-A21A-08	7.89104850910156	11.3548522865189	0	7.48537215392614	0	0	14.3670855761474	0	0	2.7073254277021	0	1.07739661454103	25.947146303	0	0	0.340206692505943	0	0	0	0.143291415358658	0	2.16374181843747	0	0	0	0	0	0	0	0
TCGA-DK-A3WX-01A-22D-A22Z-08	7.25195902489399	4.33507647073578	0	0	0	12.2252648676895	2.68864937559007	0	0	0.540702513155351	0	0	3.84921289549085	0	0	2.13267798152879	0	0.788280520967641	0	0.39451113928365	0	0	0	1.6911185823811	0	0	0	0	0	0
TCGA-DK-A3WY-01A-11D-A22Z-08	2.00034780806966	0.508701153634483	4.77605730239083	0	0	0.0252081460772327	4.28786754773811	0	0	1.62224564192611	0	0	6.10957166862949	0	0.935235938521968	0	0	0	0	0	0	0	0	0	0	0	0	0	0	0
TCGA-DK-A6AV-01A-12D-A30E-08	29.6397241188659	14.4633774947391	0	5.33499129623426	0	0	0	0	0	12.9638355128286	0	0	30.5138206020201	0	0	0	0.87404711582837	0	0	0	0	1.99992747993309	0	13.9231337381073	0	0	0	0	0.848493186714853	0
TCGA-DK-A6B0-01A-11D-A31L-08	2.32163959662857	0	0	0	0	0	5.5700198457827	0	0	0	0	0	1.38657092064371	0	0	13.270350185628	0.987808919993602	0	0.817361828616891	0	1.88475540932069	0	0	1.4685717774311	0	0	0	0	0	0
TCGA-DK-A6B1-01A-12D-A30E-08	29.9241040638469	25.9094871387135	0	0	0	0	19.17053131762	0	2.81274420516419	7.14193980616159	0	0	16.7241625089851	0	16.4369738623923	8.32112974638706	0.695772296440785	0	0	0	0	5.83961969077491	0	0	0	0	0	0	0	0
TCGA-DK-A6B2-01A-11D-A30E-08	20.7558495588511	20.9837616070019	35.5410503220502	1.81573724705652	0	28.4301716483438	12.2738121068043	0	0	7.70829551014602	0	0	33.0157673981126	0	0	1.66446419725083	0	7.81075913457855	0	0	5.58255193908407	5.41892884217806	0	0	0	0	0	0	0	0
TCGA-DK-A6B5-01A-11D-A31L-08	13.1365500006412	37.5727634337872	32.0040175713655	3.9100597328736	0	0	1.27321251853021	0	0	0	0	0	32.472120137373	0	0	0	1.89143633237249	0	0	0	0	0	0	0.65082466859867	0	0	0	0	0	0
TCGA-DK-A6B6-01A-11D-A30E-08	72.8390613644879	441.903955092822	0	0	0	0	145.463044634521	0	0	53.7155116204985	0	0	234.532349806701	0	0	0	0	0	0	0	0	0	0	0	0	0	0	0	0	0
TCGA-DK-AA6L-01A-11D-A391-08	29.4404178280971	60.8392354137524	0	0	0	0	38.6263196636626	0	0	8.37334494285736	0	0	225.370924968089	0	0	0	0.486657658597912	0	0	0	4.49508993595016	0.260287922210031	0	14.8606821256678	0	0	0	0	0	0
TCGA-DK-AA6M-01A-11D-A391-08	13.7686558995852	6.77521503667523	0	0	0	19.2545964521242	2.29534308125721	0	0	6.4495816046071	0	0	5.09242360339902	0	13.7727650700157	0	0	0	0	0	0	0	0	3.78637691222088	0	0	0	0	0.148527390600067	0
TCGA-DK-AA6P-01A-11D-A391-08	22.3040672429044	44.1403754808843	0	3.81973817426781	0	0	9.76337361689684	0	0	12.1160067131518	0	0	54.209054112506	0	0	26.2757068942561	0	0	0	0.720777588446603	0	0.845471441434765	0	8.77983783661403	0	0	0.7664219471867	0	0	0
TCGA-DK-AA6Q-01A-11D-A391-08	18.5325418045655	32.3653865804717	0	0	0	0	0	0	0	0	3.89477845237205	0	35.5804421785764	0	9.66033586861974	0	0.237480093189905	0	0	0	0	0	0	3.09614474430969	0	0	0	0	0	0
TCGA-DK-AA6R-01A-11D-A42E-08	23.540672741675	33.694232895055	0	87.2726011637176	0	11.8112307168524	31.5546291450729	0	0	5.9685050628786	0	0	46.7030298952389	0	0	0	0	0	0	20.1309062183625	2.70535634576862	0	0	65.0231790998292	0	0	0.352051406142787	1.39896141263579	0	0
TCGA-DK-AA6S-01A-21D-A391-08	39.7152618807581	127.839269417011	18.2466481718443	26.7379252746645	0	0	39.9528712126054	0	0	31.3830310586643	0	0	271.456260055979	0	0	0	0.821040887329917	0	0	0	0	0	0	8.45762752872283	0	0	0	0	0	0
TCGA-DK-AA6T-01A-11D-A391-08	14.0273943253434	0	45.0336392784005	0	0	0	2.16298968031447	0	0	5.05530621070718	0	0	7.9574587585292	0	9.22925850348644	0	0	0	0	0	0	0	0	0	0	0	0	0	0	0
TCGA-DK-AA6U-01A-11D-A391-08	38.5273849322687	50.2274967079993	18.1248955070823	54.4250979872407	0	4.48488488558839	52.4063069992034	0	0	8.1653165037006	0	0	100.696138828889	0	1.90266724989376	0	0	0	0	4.7335124264227	5.23245853557449	0	0	75.951299512921	0	0	0.129578118985808	3.207721412302	0	0
TCGA-DK-AA6W-01A-12D-A391-08	62.7170165133577	57.143391018004	0	0	0	0	18.3656495359083	0	0	7.95903944537505	0	0	96.7992139579876	0	0	0	2.970947937685	0	0	0	0	0	0	0	0	0	0.305133151050527	0	7.50079349394486	0
TCGA-DK-AA6X-01A-12D-A42E-08	23.3023166719281	14.1319645154179	0	3.6168152072367	0	0	8.6559164809239	0	0	15.2230378728211	0	0	49.6587724264071	0	0	0	0	0	0	0.686940880333538	0	0	0	0	0	0	1.73532272945864	0	0	4.00008613825182
TCGA-DK-AA71-01A-31D-A391-08	49.9624565708591	203.334935131876	1.58149745715639	0	0	0	69.5834916372549	0	0	35.5742593836637	0	0	277.363349340223	0	0	0	0	0	0	0	0	0	0	0	0	0	0	0	0	0
TCGA-DK-AA74-01A-11D-A391-08	9.37798240726358	46.6237835672051	20.2541849743187	0.0258849446025799	0	7.25912171152284	18.2906339780259	0	0	13.1485087702223	0	0	103.403892526069	0	2.7683367799888	2.03364442332179	0	0	0	0	0	1.35387383734378	0	0	0	0	0	0	0	0
TCGA-DK-AA75-01A-11D-A391-08	61.8951412159337	143.199022506902	0	0	0	0	75.7381938964648	0	0	52.9607542680601	0	0	75.1546115443199	0	0	0	0	0	0	0	10.5981000236043	4.00036765867936	0	0	0	0	0	0	0	0
TCGA-DK-AA76-01A-11D-A391-08	48.4184279493634	29.1793365874256	33.0386846816359	0	0	0	18.2702640114364	0	0	14.5543229039494	0	0	61.3865049920148	0	0	0	0	0	0	5.35176237213265	0	9.30636102232454	0	0	0	0	0	0	10.9684784925333	0
TCGA-DK-AA77-01A-11D-A391-08	61.5661609295499	41.811890443699	0	125.28809675558	0	0	25.2646697963219	0	0	0	36.7000733615652	0	19.4695242757683	0	0	0	0	0	0	0	0	0	0	0	0	0	2.21199124442614	2.2393284904881	0	0
TCGA-E5-A2PC-01A-11D-A202-08	23.1021612220249	27.4429267715647	55.1398964945473	0	0	18.7820296355996	34.5224738145099	0	0	5.70326152867751	0	0	22.2392011435608	0	0	0	0.608472162927983	0	0	0	0	11.6664977864885	0	25.1847636235326	0	2.78591475162097	0	0	0	0
TCGA-E5-A4TZ-01A-11D-A31L-08	88.8246709246953	39.0669222287123	17.3982996234473	0	0	15.2134584575957	25.2223453745372	0	0	18.7174510844211	0	0	208.522826432525	0	0	0	0	0	0	0	0	0	0	14.0012577798331	0	0	0	0	0	0
TCGA-E5-A4U1-01A-11D-A31L-08	47.5630294534167	104.313912275057	37.8134627442041	0	0	0	55.1563285702709	0	0	27.68196568787	0	0	295.4509118337	0	0	0	0	0	0	4.99126799368037	0	0.740181865937656	0	18.9957077101824	0	0	0	0	0	0
TCGA-E7-A3X6-01A-12D-A22Z-08	0	41.9912086663323	0	0	0	9.49407844620723	0	0	0	0.510529271809953	0	0	38.6756164252297	0	12.4637861844521	0	5.78159159784969	0	0	0	0	0.331057557726979	0	0	0	0	0	0	0	0
TCGA-E7-A3Y1-01A-11D-A22Z-08	30.2260130462026	0	0	28.3974546924582	0	1.48050102514799	17.6548165726261	0	0	0	0	0	13.4589893924397	0	0	23.5781208274575	0	0	0	0	0	2.31999675275372	11.8678810061678	0	0	7.3239179600166	0	0	4.46460208581293	3.71604256370739
TCGA-E7-A4IJ-01A-31D-A26M-08	15.5478403759596	39.4615752423915	58.3897778261666	23.5145840724332	0	0	30.347215669675	0	0	28.7027976677218	0	0	93.1757766641885	0	0	0	2.17261059304757	0	0	13.3145720190256	0	5.09758033828506	0	2.46343490737336	0	0	0	0	0	0
TCGA-E7-A4XJ-01A-11D-A26M-08	33.5666305507594	1.09731005796704	0	0	0	0	0	0	0	0.625192738678197	0	0	0	0	2.943043229053	0	2.14402941422555	0	0	0	0	0.173377373232111	0	0	0	0	0	0	0	0
TCGA-E7-A519-01A-11D-A26M-08	7.67183590995591	5.05772161613458	0	0	0	0	0.598876910877015	0	0	2.47931371471727	0	0	6.71671308939804	0	0	28.9344287007798	0	0	0	8.63332093463088	3.29232239819133	1.90021187309629	0	0	0	0	0	0	0	0
TCGA-E7-A5KF-01A-11D-A289-08	2.4310876487803	48.8659953789747	3.79335435308871	0	0	11.9680461845562	21.5127526398349	0	0	16.046397043685	0	0	78.3692411518285	0	0	0	0	0	0	0	0	0	0	2.30711121998816	0	0	0	0	0	0
TCGA-E7-A678-01A-11D-A30E-08	12.153832023176	0	0	0	0	0	0	0	0	0	0	0	2.88176381199409	0	10.6875425111756	18.1241348878695	0	0	0	0	0	2.18273151723914	0	2.12868042354408	0	0	0	0	0	0
TCGA-E7-A6ME-01A-22D-A32B-08	20.5325264989555	0	1.92958667775907	2.640005320934	0	0	8.13803952760956	0	0	0	8.2631997544112	0	6.5043203528124	0	0	49.7544643910524	0	0	0	0	0	0	0	6.62747305739714	0	4.54579569419142	0	0	0	0
TCGA-E7-A6MF-01A-12D-A32B-08	0	17.958260539032	0	0	0	0	5.93609458333855	0	0	3.6873328977285	0	0	20.1549038646731	0	0	0	0	0	0	0	0	0	0	3.06382674940304	0	0	0	0	0	0
TCGA-E7-A7DU-01A-11D-A32B-08	28.8672470532885	125.868627996083	0	0	0	9.80600960398161	0	0	0	19.8713083647375	0	0	92.0462380590236	0	0	0	0	0	0	0	0	0	0	0.338715081205573	0	0	0	0	0	0
TCGA-E7-A7DV-01A-11D-A339-08	14.2150542784466	34.6961351998534	0	15.3542872662187	0	0	14.9877528789898	0	29.8047119366493	35.3826754815825	0	0	200.767762084193	0	0	0	0	173.544152694739	0	0	0	0	0	0	0	0	0	0	0	0
TCGA-E7-A7PW-01A-11D-A34U-08	23.869768745432	15.2532436136055	0	0	0	0	0.194113521075848	0	0	2.65847000215047	2.33023715373296	0	16.0464545954094	0	0	0	2.73015938571028	0	0	0	0	0	0	5.81366415651186	0	0	0	0	9.33847876790847	0
TCGA-E7-A8O7-01A-11D-A364-08	7.93889483328678	1.91641901699805	0	1.57929568115991	0	0	0	0	0	2.86523048685113	0	0	4.06538139646778	0	0	0	0	0	0	3.39834585562408	0	2.43397769611464	0	0	0	0	0	0	0	0
TCGA-E7-A8O8-01A-11D-A364-08	34.7012614761058	13.5054368544369	0	7.87060034302806	0	14.7865171197775	8.59765692989736	0	0	0	0	0	13.8020347236388	0	0	0	2.83459832628016	0	0	0	0	19.0119727994448	0	0	0	1.6202945627881	0	0	0	0
TCGA-E7-A97Q-01A-11D-A38G-08	7.05199246238727	4.74678150228417	0	0	0	3.99013267750518	14.6806916183432	6.75261795888158	0	0.715693824368389	0	0	12.3362212531471	0	0	0	0	0	0.529006301660118	0	1.5035324258361	2.37381768797082	0	4.30072714646318	0	0	0	0.357963049519172	0	0
TCGA-FD-A3B3-01A-12D-A202-08	20.0469322431082	28.3218706937419	0	0	0	3.1913426028894	20.416450254718	0	0	5.31563838731237	0	0	55.6464647679981	0	0	0	0	0	0	10.9975945878477	1.78703484300458	5.443257240706	0	0	0	0	0	0	16.2881786278281	0
TCGA-FD-A3B4-01A-12D-A202-08	8.66185809262438	0	0.38915621530694	0	0	0	0.543583435246771	0	0	8.49398488449916	1.35054457396421	0	0.428259930324318	0	1.71660153124114	0	0	44.5324585092466	0	0	3.34761096583238	0.575026824251337	0.588022138759811	0	0	0.211457757125534	0	0	1.64183400179631	0
TCGA-FD-A3B5-01A-11D-A20D-08	19.0701089252507	21.7326193324075	10.1104088859744	0.054101508596387	0	13.358126963255	5.44517939736325	0	0	14.5936822222216	0	0	55.4408641554899	0	0	0	0	0	0	1.00158761041641	0	1.16040327135503	0	3.31809835884126	0	0	0	0	0	0
TCGA-FD-A3B6-01A-21D-A20D-08	29.6586319469279	45.1619952916576	0	0	0	4.12358786719649	34.5075108200806	0	0	14.8131667792137	0	4.5943337586799	105.724144669567	0	0	0	0	0	0	0	0	0	0	27.9102125171685	0	0	0.0206528831391352	0	0	0
TCGA-FD-A3B7-01A-31D-A20D-08	21.5013737459165	0	7.1849010453718	0	0	0	5.61380256514614	0	0	0	0	0	7.78806517763492	0	0	0	3.39028896830314	0	0	3.45085312472679	5.31226280357646	0.538668218943258	0	1.11324777774611	0	0	1.89114463835643	0.0674802037963248	1.32079171222006	0
TCGA-FD-A3B8-01A-31D-A20D-08	0	4.33598470423621	2.28734929675499	0	0	7.439924233769	4.14900615692086	0	0	0.828296227920966	0	0	19.9020655091959	0	2.85737161878618	0	0	0	0	2.87421435902013	0	0	0	0.560700388597336	0	0	0	0	0	0
TCGA-FD-A3N6-01A-11D-A21A-08	51.0850093798263	15.8665389935828	0	0	0	13.5088121764466	0	0	0	20.5911582966889	0	0	6.12440109913598	0	0	0	0	0	0	0	0	0	0	5.24966462296748	0	0	0	0	0	0
TCGA-FD-A3NA-01A-11D-A21A-08	2.70485554386124	37.34636533283	0.293698771341443	0	0	14.5204343348387	21.9790908308357	0	0	13.9385450742606	0	0	68.9922074715866	0	0	0	0	0	0	0	0	0	0	0	0	2.79922485619154	0	0	4.64648371374567	0
TCGA-FD-A3SJ-01A-12D-A22Z-08	26.7394678829256	23.2164170989956	26.4761144000331	16.9607602797296	0	0	4.16318952785436	1.19513507319831	0	0	0	0	67.6270112546904	0	4.96420119617099	31.3848218871651	0	6.07836934618163	10.7960551901511	0	0	4.90018339983452	0	0	0	0	0	0	0	0
TCGA-FD-A3SL-01A-21D-A22Z-08	40.3587653938687	7.32373116517717	58.2391260187371	14.0674290029321	0	0	5.54503242395027	0	0	9.55574093123771	4.49104669699415	0	36.9704387504513	0	0	0	4.8696239705149	0	0.58497457594675	0	10.7302020249188	0	0	0	0	0	0.431363329261649	1.14082257946766	0	0
TCGA-FD-A3SM-01A-11D-A22Z-08	31.8763222449764	33.3232546312036	7.74639808783536	0	0	0	0.175430738713005	0	0	8.09465796114327	0	0	90.7526149730389	0	0	1.50312293883683	0	0	0	7.04387039474734	0	0	0.37640563336186	0	0	5.0566408315919	1.14255168353316	0	0	0
TCGA-FD-A3SN-01A-12D-A22Z-08	70.0746188571349	152.589737514703	0	0	0	0	56.0448042353684	0	0	40.4076045561181	0	0	44.4056659577132	0	0	0	0	0	0	0	0	2.528755973606	0	0	0	0	0	0	0	0
TCGA-FD-A3SO-01A-11D-A22Z-08	33.1554836573197	120.550412742491	0	0	0	0	36.5572409338255	0	0	25.5839767525205	0	0	131.508735454011	0	0	0	0	0	0	0	0	0.533096201247264	0	0	0	0	0	0	0	0
TCGA-FD-A3SP-01A-31D-A22Z-08	23.4197809373793	22.45861621974	8.31914391074025	0	0	0.669279677890392	13.0776931435419	0	0	4.79610981406802	0	0	22.3699928860498	0	0	7.63774091512555	0	5.26849792163855	0	0	0.325523916761162	0	0	0	0	0	0	0	0	0
TCGA-FD-A3SQ-01A-21D-A22Z-08	26.0572950996855	7.49307827512947	1.12773394884159	0	0	0	7.5710983476956	0	0	3.67843302304157	0	0	7.5117507687812	0	0	5.64891449761997	0	0	0	0	0	0.109816766948161	3.3719979830526	0	0	0	1.70733591230933	0	0	0.373375405945015
TCGA-FD-A3SR-01A-11D-A22Z-08	21.9510763954105	2.71591845687134	13.0007634486668	0	0	5.14351132701055	27.4627167925248	0	0	10.5444709577473	0	0	41.2238946638371	0	2.98014470996344	0.730021088811731	0	0	0	0	0	0.539536272526212	0	3.92065408202852	0	3.46020169278409	0	0	0	0
TCGA-FD-A3SS-01A-12D-A22Z-08	23.6260183223896	205.661976762605	0	0	0	13.1045230406941	32.6248187378946	0	0	58.2764296780789	0	0	151.496274624783	0	0	0	0	0	0	0	0	0	0	0.365666612253568	0	0	0	0	0	0
TCGA-FD-A43N-01A-11D-A23U-08	72.9424909494957	7.34807530273035	13.368436474786	0	0	0	5.88535198481129	0	0	0.436866748957636	0	0	49.0836654461901	0	0	0	0	0	0	0	4.93230833116053	5.37543789640876	0	0	0	0	0	0	14.887615720157	0
TCGA-FD-A43P-01A-31D-A23U-08	43.5577349202579	57.340168973866	39.1339507834322	0	0	0.795129961975524	53.7074125701525	0	0	13.866256766465	0	0	159.974914859238	0	0	0	0	0	0	0	2.66791627656287	0	0	24.3888815937471	0	2.17469601253807	0	0	0	0
TCGA-FD-A43U-01A-11D-A23U-08	24.7025301230739	3.28772430373539	14.2938417379047	0.664779550092057	0	5.667825762949	4.50957913108074	0	0	0	0	0	0	0	0	0	1.68500720348258	0.674301996253413	0	0	0	0	0	0	0	0	1.39177786729182	0	6.28318986971918	0
TCGA-FD-A43X-01A-11D-A23U-08	39.5817822543894	63.1185912142638	0	0	0	0	38.7223532478828	0	0	12.8350461806848	0	0.511796184195221	126.649030097343	0	0	0	0	3.16676412208297	0	4.34699139555777	0	0	0	1.17873406322914	0	5.79080538466616	0	0	0.998182761492393	0
TCGA-FD-A43Y-01A-21D-A26M-08	0	0	10.298501592948	3.09607657271422	0	13.5176480864514	3.15939445467555	0	0	0	0.372373723145229	4.94709450867114	2.17665739102072	0	0	0	0.344487344530478	0	0	0.450671392628272	1.04174246620443	0	0	8.07877282680071	0	0	2.15899119548223	6.16718019501616	0	0
TCGA-FD-A5BR-01A-11D-A26M-08	27.7345382286542	5.08942036257935	9.93793066874007	0	0	0	0	5.461731355362	0	0	0	0	4.49792567676709	0	0	0	0	0	0	1.91293054333497	0	0	1.6083008758351	0.0115160550910239	0	0	0.0320988084399661	0	20.1699102556211	1.50826787145633
TCGA-FD-A5BT-01A-11D-A26M-08	23.8875690895107	3.61071025906397	0	0	0	0	24.1151435299675	0	0	7.06166029265584	0	0	45.8511532282849	0	0	14.2241396085893	0	0	0	2.22285996269617	0	0	0	0	0	0	0	0	0	0
TCGA-FD-A5BU-01A-31D-A26M-08	31.3970833701572	0	3.82419059418174	0	0	0.00459896976455487	0	0	0	0	0	0	7.10209775674264	0	0	0	0	0	0	5.92145898897391	0	0	0.79912485042888	0	0	0	0	0	11.8487923239264	3.32455096743878
TCGA-FD-A5BX-01A-11D-A26M-08	17.5514969165426	78.7785771589578	8.6223618281	0	0	0	38.7320951683497	0	0	33.5443657882151	0	0	171.52637068683	0	0	0	0	0	0	0	0	0	0	0	0	0	0.593805861380243	0	0	0
TCGA-FD-A5BY-01A-31D-A289-08	9.06638841837923	6.89844421419443	0	0	0	13.7512349454527	2.93072528383506	0	0	0	0	0	8.71137710604153	0	6.46588093532945	0	2.40081140259711	4.04981779024926	0	0	0.655138065818967	0	0.0719265758282214	0	0	0	0.173863587833509	0	0	0
TCGA-FD-A5BZ-01A-11D-A289-08	9.96870678579648	17.8770170794092	21.8698036241904	0	0	16.2205557994471	2.25786360225456	0	0	7.26772909696066	0.0791201120182706	0	30.0769851033471	0	0	5.01652918655552	0	0	0	0	0	0	0	0	0	0	0	0.423544271144751	5.73172671434907	0
TCGA-FD-A5C0-01A-11D-A289-08	24.1288054531012	9.48885920741121	0	14.4434098349058	0	19.1749996797393	11.1091610144223	0	0	0	0	14.9931183848396	5.0530786404361	0	0	1.68174167864305	0	3.47618673463845	0	0	0	0.212554432268493	4.87197931993583	0	0	0	0	0	0	0
TCGA-FD-A5C1-01A-11D-A289-08	68.3837184163879	13.303767461506	4.87181884136823	0	0	1.47454273488126	0	0	0	0.319265975687442	0	0	46.4876844414427	0	0	2.73684438317359	0	0	0	0	0	1.5439189185723	0	0	0	0	0	0	1.96562975167275	0
TCGA-FD-A62N-01A-11D-A30E-08	15.3222563306405	0	0	18.7636584698195	0	0	11.7941388310721	0	0	5.75150727927416	0	0	8.91402040802227	0	0	0	0.359887088886559	0	0	3.20366928371477	5.05042677765959	0	7.97714763919482	0	0	0	0	0	0	0
TCGA-FD-A62O-01A-11D-A30E-08	43.6603308896548	25.1418743827897	0	0	0	0	21.8629786325356	0	0	20.9350593917309	0	0	63.7899255153362	0	0	0	2.06276679032043	0	0	0	0	0	0	0	0	0	0	0	0	0
TCGA-FD-A62P-01A-32D-A30E-08	50.1129513025559	75.2199239844933	9.78649420342439	0	0	0	39.8159397102231	0	0	24.7324299991544	0	0	172.623470861455	0	0	0	0	0	0	0	0	1.91317538752954	0	0	0	0	0	0	0	0
TCGA-FD-A62S-01A-11D-A30E-08	20.906664333559	0	0	1.5779709104219	0	2.42165554628643	1.32406770974064	0	0	0	4.66436896711604	0	5.6286960807787	0	0	9.43228973720449	0	0	0	0	4.46308717837135	2.06505721756473	0	13.909427059612	0	0	0	0	2.97057064780193	0
TCGA-FD-A6TA-01A-12D-A339-08	15.2079279246745	46.1487219830937	7.00343216496943	0	0	0	23.1149042345059	0	0	23.9727729380402	0	0	154.656837789643	0	0	0	0	0	0	0	0	0	0	0	0	0	0	0	0	0
TCGA-FD-A6TB-01A-12D-A339-08	31.2748053711143	29.8175148781776	0	0	0	0	23.398490559282	0	0	11.6837486976266	0	0	123.374688739196	0	0	0	0	0	0	0	0	0	0	0	0	0	0.0391920313683691	0	0	0
TCGA-FD-A6TC-01A-21D-A339-08	62.3180554461746	205.723048610758	0	0	0	0	121.014187931661	0	0	66.5314306808023	0	0	490.48078489919	0	0	0	0	0	0	0	0	0	0	0	0	0	0	0	0	0
TCGA-FD-A6TD-01A-51D-A339-08	29.7621294110248	31.7984661467469	0	11.23586757998	0	0	14.8206355139874	0	0	1.01459014199671	0	0	24.7350994999487	0	0	0	0	0	0	0	3.8841291281041	2.86391623946287	0	9.97103622870477	0	0	0	0	0	0
TCGA-FD-A6TE-01A-12D-A339-08	17.4525398350887	37.7819407584541	0	8.1783451828216	0	0	25.9144219467682	0	0	26.1515917368882	0	0	131.344044437012	0	0	0	0	32.202009440558	0	0	0	0	0	0	0	0	0	0	0	0
TCGA-FD-A6TF-01A-52D-A32B-08	13.9759177070976	15.0045014656838	6.20237028440204	0	0	4.32379682875641	9.4183589025275	0	0	0	0	0	56.1886052866481	0	0	5.57570811128207	0	0	0	0	0.659757477073938	0	0	5.50355268811226	0	0	0	1.18820396043717	5.88382213697314	6.10029698840309
TCGA-FD-A6TG-01A-11D-A32B-08	41.6178411213114	41.491381625803	13.019178169251	42.1334668199982	0	1.04777564819842	45.0517158483006	0	0	8.03945211193474	0	0	120.947274176604	0	2.35882971047065	56.2234039055129	0	3.93229108874609	0	0	0	0	0	0	0	0	0	0	0	0
TCGA-FD-A6TH-01A-11D-A32B-08	26.1509528303484	27.4391537282557	0	0	0	8.41529700041702	21.2004303962497	0	0	11.9592752327311	3.68393969966495	0	35.7846285872088	0	0	0	3.63252959032364	0	0	1.55733786283764	0	1.82115678450295	0	0	0	0	0	0	0	0
TCGA-FD-A6TI-01A-11D-A32B-08	21.9411570932962	3.66221525204886	2.93327414569984	0	0	19.2865125260226	1.46295323317304	0	0	12.6282310430062	0	0	2.59454211035662	0	2.28004845379943	17.7979843930903	0	0	8.30092741961526	0	0	3.0968834276436	0	0	5.55481720909388	0	0	0	6.10618962550192	0
TCGA-FD-A6TK-01A-42D-A339-08	29.0771837340556	16.2330156372721	3.19486234163736	0	0	0	12.3945979098908	0	0	0	12.7907686738619	0	27.4525645979364	0	0	0	0	0	0	5.12680352680907	0	1.54813190398198	0	0	0	0	0	0	7.10140296159349	0
TCGA-FJ-A3Z7-01A-12D-A23M-08	43.6625501896314	57.9376847567749	25.6961179914686	0	0	0	30.9635219942975	0	0	1.54041506773926	0	0	121.595314406013	0	7.60252980255977	0	0	0	0	0	0	0	0	16.9366333095149	0	0	0	0	0	0
TCGA-FJ-A3Z9-01A-11D-A26M-08	44.0748143523303	5.38565465339052	0	0	0	2.95768312134605	1.47246173147962	0	0	5.65102195381338	0	0	11.7614092228526	0	0	0	0	1.39870357781376	0	0	0.799332234397109	0	0	1.59830443406545	0	0	0	0	0	0
TCGA-FJ-A3ZE-01A-11D-A23M-08	0	0	130.790954881209	0	0	0	0	0	0	18.9691767366169	0	0	19.2873841896759	3.67075635206514	42.3451555377749	0	0	0	0	0	0	0	22.8919031540812	90.2204642741547	0	0	0	0	45.1970853672128	5.187575605637
TCGA-FJ-A3ZF-01A-11D-A23M-08	42.9061407929393	40.0642320547514	22.1982497297666	0	0	0	29.519886012198	0	0	6.02213816243536	0	0	53.0353596134349	0	0	0	1.28135052609485	2.90434948758417	0	0	2.73200012907881	0	0	8.56911675292964	0	0	0	0	17.3977882100631	0
TCGA-FJ-A871-01A-11D-A34U-08	13.1846393181094	1.32129082796383	0	0	0	0	2.29546809551613	0	0	0	0	0	1.92882013852535	0	12.9275922093303	18.3773950564337	0	0	0	0	0	0	0.524270917193863	0	0	0	0	0	0	0
TCGA-FT-A3EE-01A-11D-A202-08	36.3665106644144	23.632321804834	0	10.8934820823275	0	4.58354858187366	4.74245570349045	0	0	2.54373153986594	0	3.8735626461321	4.0318103073348	0	0	23.812564248891	0	0	0	0	0	0.00651545585667031	0.196902380701906	5.17984813096056	0	0	0	0	0	0
TCGA-FT-A61P-01A-11D-A30E-08	11.4027656755265	25.0340929793136	11.3625643989567	0	0	9.71018806479448	27.1661584455445	0	5.19243669412741	0.63755746481075	0	0	19.4531380304436	0	0	0	3.26795135751061	0	0	7.03335041670907	0	0	0	12.7532746291021	0	17.9079931369808	0	1.46445228982857	0	0
TCGA-G2-A2EC-01A-11D-A17V-08	16.5856359982834	40.8727633618613	0.247371968485528	0	0	4.96837404983488	14.235542473098	0	0	13.2499262767206	0	0	59.2847699084117	0	1.36460786891072	0	0	0	0	0	5.47621642791349	0	0	12.4299545805826	0	11.5086806420731	0.117326877106742	0	0	0
TCGA-G2-A2EF-01A-12D-A18F-08	9.75522088227696	75.0118047647055	0	0	0	18.3125418971578	25.0885027994916	0	0	11.7191547672724	0	0	97.8001731045761	0	0	0	2.25831485767483	0	0	0	0	6.73520602275735	0	0.222939672728292	0	3.96696822751175	0	0	1.5875276953043	0
TCGA-G2-A2EJ-01A-11D-A17V-08	0	34.85281784567	0	374.314096643284	0	0	0	0	0	12.3005095196661	0	0	130.114365450911	0	0	0	0	40.4532025792272	0	118.708687627461	0	0	0	0	0	0	0	0	0	0
TCGA-G2-A2EK-01A-22D-A18F-08	36.5585494506001	12.4423645122025	0	0	0	1.75638025146981	0	0	0	0	0	0	14.6363237749633	0	0	0	0	1.99772149123793	0	0	1.14205433126054	0	0	0	0	0	0.202065491173936	0	0	0
TCGA-G2-A2EL-01A-12D-A18F-08	24.7201427321781	8.26477532212461	2.71263532302539	0	0	0	39.3910111239571	0	0	15.6530763879369	0	0	120.001457449831	0	0	0	0	0	0	0	0	0	0	1.27632487249514	0	0	0	0	0	0
TCGA-G2-A2EO-01A-11D-A17V-08	49.0065762091496	250.146849196503	0	4.14162836149196	0	0	22.8585597832132	0	0	47.0675156721335	0	0	422.687150593487	0	0	0	3.08884619939522	0	0	9.07303468752077	0	0	0	46.0875510581625	0	0	0	0	0	0
TCGA-G2-A2ES-01A-11D-A17V-08	35.9560449952054	80.5938051797064	53.0272400392199	0	0	8.73194154680838	41.242867296022	0	0	34.8232127524685	0	12.3821787373753	33.4991860988185	0	0	39.7595321211667	5.87565386113312	0	0	1.79003074401828	9.4566023333445	6.45003353586705	6.3512364274272	21.0436283993284	22.1462455267287	0	0.423709722572085	1.55262059119848	0	0
TCGA-G2-A3IB-01A-11D-A20D-08	5.60735463407315	6.40970863947943	0	0	0	0	11.174854152816	0	0	0	0	0	9.73024067597835	0.527928207086157	0	0	1.33273029258921	22.0012638792698	0	10.1058514007698	0	0	0	0	0	0	0	0	33.3220142882376	0
TCGA-G2-A3IE-01A-11D-A20D-08	30.6641749231325	62.7133234616897	14.8940013812779	0	0	0	31.3258155443501	0	0	21.4620971858749	0	0	150.584630806717	0	0	0	0	0	0	0	4.65424522523129	0	0	9.44559147391761	0	0	4.57243475007247	0	0	0
TCGA-G2-A3VY-01A-11D-A22Z-08	38.3257866349118	79.7972122215221	135.342783284443	0	0	0	32.8585834977785	0	0	20.0409681321041	0	0	397.55564700081	0	0	0	0	0	0	0	0	0	0	11.700343815876	0	0	0	0	0	0
TCGA-G2-AA3B-01A-11D-A391-08	38.4346707816327	102.287147106789	8.7066928590832	0	0	0	28.8764120416566	0	0	24.4715115532395	0	0	430.51241449726	0	0	41.1003229011026	0	0	0	2.32540199341862	0	0	0	0	0	0	0	0	0	0
TCGA-G2-AA3C-01A-21D-A391-08	39.9228900755542	34.1147369557682	0	0	0	4.49901563863992	19.4302733339266	0	0	12.106425228134	0	0	105.08543767795	0	0	0	0	0	0	0	0	0	0	15.9082694939235	0	0	0	0	0	0
TCGA-G2-AA3D-01A-11D-A391-08	17.7135851267476	26.6638183749083	12.6923162948782	0	0	0	17.728535365954	0	0	16.9088349341215	0	0	149.602190070605	0	0	0	0	0	0	0	0	2.41373349671272	0	0	0	0	0	0	0	0
TCGA-G2-AA3F-01A-12D-A42E-08	18.7765873256097	15.316475762673	31.7656364069016	0	0	0	0	0	0	1.69242561925419	0	0	33.1630880365266	0	5.09598492901038	0	0	11.2541350847857	0	0	0	0.0671820232962913	5.43838297205789	0	0	6.34054845993954	0	0	0	0
TCGA-GC-A3BM-01A-11D-A22Z-08	54.9986130102506	10.2426667757531	0	0	0	0	7.00609471393915	0	0	6.39014202003579	0	0	24.9410079081994	0	10.944672767825	0	0	0	0	0	0	0	0	0	0	0	2.1844303299597	0	0	0
TCGA-GC-A3I6-01A-11D-A20D-08	24.093812881732	54.456715869073	6.98589868769835	0	0	0	13.4318410944949	0	0	5.18913631903781	0	0	64.5946283304096	0	0	0	0.661750377845235	0	0	2.09888575840303	0	0	0	10.2978011705195	0	0	0	0	0	0.00946774874691254
TCGA-GC-A3OO-01A-11D-A22Z-08	4.9521089219316	53.7276478712971	0	0	0	4.31984385474663	25.3353569045089	0	0	5.2953094534054	0	0	31.7783455454619	0	0	0	0	0	0	0	3.10887458826078	0	0	0.511682436113234	0	0	0	0	0.608320902640881	0
TCGA-GC-A3RC-01A-11D-A22Z-08	14.0982216298952	45.8059275523142	30.5252784461355	0	0	23.2603359436899	27.9843718726598	0	0	24.3431604526471	0	42.5458250002546	60.089289769962	0	0	0	0	0	0	8.08514219926592	9.54512038508396	0	0	2.80213785377632	0	1.89810685963494	0	6.57176864587085	0	11.6754417886585
TCGA-GC-A3RD-01A-12D-A22Z-08	20.1066869237923	16.7578507250619	0	0	0	0	0	0	0	0	0	0	14.6952409671681	0	18.0715887472017	0	0	0	0	0	0	0.0558663479424199	1.10291579472512	7.69081541522811	0	0	0	0	0	0
TCGA-GC-A3WC-01A-31D-A22Z-08	10.7482437965739	10.7692204216636	6.04348238338553	1.21912131978731	0	28.1972197644572	22.6082055838393	0	0	11.5730561383588	0	0	34.9790344819372	0	4.11482379628136	6.80501673468993	0	0	0	0	0	4.70285243935343	0	0	0	0	0	1.70694997706493	0	0
TCGA-GC-A3YS-01A-11D-A23M-08	44.2089977093917	31.6088025577977	0	0	0	0	36.6022791942961	0	0	25.5799198397071	0	0	89.8632222206053	0	0	0	0	0	0	0	0	1.34566015145753	0	0	0	0	0	0	0	0
TCGA-GC-A4ZW-01A-11D-A26M-08	67.1019195705464	44.9186673332345	0	0	0	0	59.9047161711664	0	0	32.8316898354046	0	0	417.953799414808	0	0	0	12.1528934631216	0	0	0	0	0	0	0	0	0	0	0	0	0
TCGA-GC-A6I1-01A-12D-A31L-08	24.6258675768732	43.38938439181	12.2739202290242	0	0	8.30040718535872	22.5943973546632	0	0	14.4120678097756	0	0	84.855717338586	0	2.41281423654214	0	3.35925778429415	0	0	0	0	0	0	0	0	0	0	0	0	0
TCGA-GC-A6I3-01A-11D-A31L-08	9.48854527574335	6.07480737667574	13.7740464149529	0	0	20.1814537156554	39.4094534445974	29.2717989775108	0	9.54892973070412	0	0	79.6042258996113	0	0	0	0	0	0	0	2.41227690698812	0	0	0.5454536532352	0	0	1.28158921443127	0.959776948864482	0	0
TCGA-GD-A2C5-01A-12D-A17V-08	19.5485551987267	16.6786599214504	0	0	0	10.8747256489689	55.4708161136807	0	0	26.804775791249	0	0	112.170866337072	0	0	0	0	0	0	9.20264635367064	0	0	0	11.7804604470878	0	0	0	0	0	0
TCGA-GD-A3OS-01A-12D-A21Z-08	33.0000123651146	15.3137513225114	4.32905063118761	0	0	0	5.02411652285622	0	0	0	0	0	5.83789296170118	0	0	0	1.6700995934398	0.973357804320139	0	2.74776895987483	0	0	0	5.47922608090927	0	0	0	6.9755834910092	6.588278990392	0
TCGA-GD-A6C6-01A-21D-A31L-08	14.2446119864615	29.5767832867928	25.2558337686025	0	0	17.6384804766744	7.48396814617246	0	0	8.05601558161342	2.3707371587307	0	116.688632831815	0	0	0	7.14272696519327	0	0	5.7160837099369	0	0	0	0	0	4.41965753441025	0	0	7.23608479003204	0
TCGA-GD-A76B-01A-11D-A32B-08	29.0778373099832	29.7142489019222	9.89141076510415	0	0	0	26.9407856913192	0	0	14.700875913178	0	0	55.8210188550694	0	0	3.52826435993733	2.35342323141013	0	0	0	0	0	0	5.34078721405406	0	0	0	0	0	0
TCGA-GU-A42P-01A-11D-A23U-08	37.0021503108683	66.264637278013	0	0	0	1.74914104079818	18.0211532595365	0	0	30.0168092584172	0	0	67.9760518656023	0	0	0	0	0	0	0	0	0	0	9.45283832611368	0	0	0	0	0	0
TCGA-GU-A42Q-01A-11D-A23U-08	35.6478498472327	15.5348920501809	0	0	0	0	8.46047143671794	0	0	14.652644502383	0	0	90.6771170124739	0	0	5.39597952378867	0	0	0	3.79890634918407	0	0.135387439406076	0	0	0	0	0	0	0	0
TCGA-GU-A42R-01A-11D-A23M-08	19.6758356613452	27.9953174694079	26.1091529260716	2.46372369838354	0	0	11.075667246753	0	0	5.27447964623611	0	0	45.9906711706255	0	0	0	1.30728350878366	1.36535971713388	0	0	0	0	0	2.19894543973609	0	0	0	0	0	0
TCGA-GU-A762-01A-11D-A339-08	32.4456237317919	6.39239906127357	3.99948997590431	5.19191071460427	0	0	4.56355183888391	0	3.68138640620887	1.82804833479882	0	0	24.3224677384435	0	0	0	0.0635936994185303	26.1488332340394	0	0	0	0	0	0	0	0	0	0.1049252990397	0	0
TCGA-GU-A763-01A-11D-A32B-08	18.2084218912401	0	0	12.895089679085	0	2.45488762024229	0	0	0	0	3.85671704595784	0	13.1828740827142	0	0	0	0	0	0	1.48420914057063	3.61381578447723	0	0	0	0	0	0.0120800195319296	0	0	0
TCGA-GU-A764-01A-11D-A34U-08	3.60015414982711	13.397228159176	22.8266252796307	15.4748292684786	0	13.3311108677782	3.75575264288539	0	0	3.92244435354106	0	0	40.4436541109274	0	0	0	0	0	0.731136275572618	0	0	0	0	5.50004757674051	0	0	0	0	0	2.83515624501446
TCGA-GU-A766-01A-11D-A32B-08	27.3734563385719	25.2734856353144	0	0	0	1.77261204234271	32.3286537840526	0	0	10.8391620365634	0	0	91.0828613630877	0	0	0	0	0	0	0	0	0	0	3.12942150238264	0	0	0	0	0	0
TCGA-GU-A767-01A-11D-A32B-08	18.8280392010873	25.5648919130203	66.8325130331056	15.8712776717893	0	0	18.3290060563729	0	0	18.2436201498905	0	0	88.4477051326365	0	18.1870505194871	0	0.580798663619805	0	0	22.8968781168182	0	0	0	35.5898215074838	0	0	2.49507236009526	0	46.2446872613367	0
TCGA-GU-AATO-01A-11D-A391-08	18.4054921329926	78.4221992214726	0	0	0	4.81331285352166	51.0939284893196	0	0	11.1404618813464	0	0	129.458462769907	0	0	0	0	0	0	0	0	0	0	15.4476793519523	0	0	0	0	0	0
TCGA-GU-AATP-01A-11D-A391-08	32.6379007217914	87.9937837551852	7.7583133067507	0	0	0	40.5283589231705	0	0	24.6878221363177	0	0	88.972908013421	0	0	0	0	0	0	3.00236966084349	0	2.91331727091919	0	7.8136886210114	0	3.73478708123739	0	0	0	0
TCGA-GU-AATQ-01A-11D-A391-08	18.0394660369928	8.86391897751683	5.38869427160799	0	0	0	18.008820130697	0	0	1.38250456388562	0	0	74.5419851505102	0	0	7.39335695748037	1.90640370417762	0	0	0	0	0	0	4.48576890345487	0	5.95253192680507	0	0	0	0
TCGA-GV-A3JV-01A-11D-A21Z-08	74.626335669686	14.6119199751443	0	0	0	0	2.3617810176051	0	0	10.9839290353345	0	0	5.55533164767186	0	0	0	0	0	0	0	0	0	0	4.77835714052517	0	0	0	0	0.254201535621298	0
TCGA-GV-A3JW-01A-11D-A20D-08	17.1510752223307	4.82896849712061	0	0	0	9.7495889897087	5.94043828268016	0	0	8.98678599381819	0	0	22.4902065302965	0	0	0	1.24166505319791	0	0	0	0	0	0	3.89644068810582	0	0	0	0	0	0
TCGA-GV-A3JX-01A-11D-A20D-08	27.095646473719	32.7264358708071	17.9825687582796	0	0	3.53650847615962	36.1936742323393	0	0	25.0817094586763	0	0	132.822652510896	0	0	0	1.9597716890919	0	0	0	0	1.46037037777243	0	0	0	0	0	0	0	0
TCGA-GV-A3JZ-01A-11D-A21A-08	59.1135843290264	99.5595946766813	0	0	0	0	47.5433185210131	0	0	50.9790038663309	0	0	179.369015031575	0	0	0	0.239495548704498	0	0	0	0	0	0	11.1812960476144	0	0	0	0	0	0
TCGA-GV-A3QF-01A-31D-A22Z-08	18.2951573882176	9.8517107925728	0	30.9194961236429	0	7.28112240969463	0	0	0	0	0	0.658097355145923	17.5026785804819	0	9.43750774039912	0	0	0	11.1795276717423	0	0	0	0	0	0	0	0	1.90672729111942	0	8.97997933346118
TCGA-GV-A3QG-01A-11D-A21Z-08	12.5125180849007	11.280611128947	0	23.4613801753756	0	18.107958521549	0	0	0	0	0	0	11.1766425455477	0	0	19.357944797765	0.87974920246991	0.260149168862664	0	0	0	0	0	0	0	0	0.531539972118008	0	0	0
TCGA-GV-A3QH-01A-11D-A21Z-08	36.9540369712713	9.18992513718201	5.58315652784919	3.60235586706884	0	0	12.79194722725	0	0	0.883741799859468	0	0	67.9800347995187	0	15.0602371482336	0	1.1502197815333	3.68293319584319	0	0	0	0	0	0	0.417314636221485	0.536890642293769	0	0	0	0
TCGA-GV-A3QI-01A-11D-A21Z-08	35.5850956428404	12.4180575013062	0	96.6531253017146	9.10654213261816	0	27.9935361690259	0	0	0	0	25.1531852238057	74.0384173374713	0	0	35.7337179915978	0	9.41131184866975	0	1.09866057179999	1.704761680769	0	25.218148645732	0.0649857047874476	44.4665336189296	0	0	0	0	9.55531149739241
TCGA-GV-A3QK-01B-11D-A23M-08	33.3646996049911	20.0153575980505	2.82351439703517	7.86702149891084	0	0	14.050004608287	0	0	3.61545189543091	0	0	31.1205695109942	0	0	0	0.396160648365944	0	0	3.6370483308676	0.802706750571512	2.45473884923019	0.509029233410462	0	0	2.72958777371331	0	0	1.05622799621892	0
TCGA-GV-A40E-01A-12D-A23M-08	18.4740488801636	0.616414388364927	22.3065998071573	0	0	0	15.05402748357	0	0	5.91499746769537	3.76599977427647	0	67.3948531448624	0	0	0	0	2.72602602867274	0	0	0.895265917544614	0	0	0.58599346901258	0	0	0	0	0	0
TCGA-GV-A40G-01A-11D-A23M-08	51.8072645137126	25.1323012663081	2.35711040505046	0	0	18.7979321240538	18.0647117528786	0	0	5.03193600561081	0	0	14.7075863117345	0	0	0	3.76376534905708	0	0	0	0	0	0	10.1106114768503	0	0	0	0	1.66582234160082	0
TCGA-GV-A6ZA-01A-12D-A339-08	42.0392456864507	62.9818498067767	0	0	0	0	37.2192644220107	0	0	23.2900670213062	0	0	134.666157859069	0	0	0	12.0235699704041	0	0	0	0	1.03466746040017	0	0	0	0	0	0	0	0
TCGA-H4-A2HO-01A-11D-A17V-08	0	0	0	359.684245324591	0	0	0	0	0	13.9900518997984	0	0	11.6645767349418	0.0585304367739355	0	0	0	32.085926793901	0	123.403968018609	0	0	0	0	0	0	0	0	0	0
TCGA-H4-A2HQ-01A-11D-A17V-08	17.2544684810843	53.9250079040123	41.1509921533366	67.1142366169443	0	0	26.592033841365	0	0	31.3609490736937	0	0	145.82735323227	0	0	0	12.5187331321941	0	0	10.0941338034036	4.56040170460815	5.66713856258889	0	21.7843304404483	0	0	0	0	0	0
TCGA-HQ-A2OE-01A-11D-A202-08	32.5671398912956	10.5277035419004	35.6788870231684	0	0	0	8.8629137890673	0	0	1.6413594927411	0	0	39.5805480990275	0	0	0	0	0	0	10.6506407499348	0	0	0.569595607727495	2.38811659328553	0	0	0	0	0	0
TCGA-HQ-A2OF-01A-11D-A26M-08	71.6607465979294	0	0	0	0	22.4457359054516	4.49290966779514	0	0	2.17001365870409	0	0	10.856371009673	0	4.06222435099841	0	0	0	0	0	0	0	0	0	0	0	0	0	0	0
TCGA-HQ-A5ND-01A-11D-A26M-08	18.3085937312356	4.36885535540476	0	0	0	3.95085136610734	3.51166319422922	0	0	6.9416730933154	0	0	10.3541286770375	0	0	0	0	7.39647176719301	0	8.44696171113568	4.10563856688347	0	3.62046091155378	3.36332816956237	0	3.30090411515844	0	0	0	0
TCGA-HQ-A5NE-01A-12D-A289-08	37.5851173282277	87.835282416182	0	0	0	4.2400013535867	50.4629298308693	0	0	24.0497755792128	0	0	151.670857403063	0	0	0	0	0	0	0	0	0	0	2.07344887663528	0	0	1.97596462280249	0	0	0
TCGA-K4-A3WU-01B-11D-A23M-08	38.0984281292949	9.24389914211871	17.8802370669972	0	0	0	19.5027796484984	0	0	12.5636415135847	0	0	76.4732675956055	0	15.5965188696946	0	0	0	0	0	0	2.80689704417577	0	0	0	0	0	0	0	0
TCGA-K4-A6FZ-01A-11D-A31L-08	0	63.314928572051	58.0192302980106	0	0	0	33.9621698783182	19.6258060262409	0	0	0	15.1507369895293	67.1093767483784	0	10.3826121338508	0	13.3567623139468	0	0	0	58.463394073247	33.2971152916797	0	0.763679475015378	0	0	0	1.9905996493756	0	0
TCGA-K4-A6MB-01A-11D-A31L-08	46.9849166020344	64.7506227561496	15.0604177942466	0	0	10.4839495446307	24.3334602517292	0	0	13.2229943765427	0	0	134.139399399185	0	0	0	1.35164870832797	0	0	6.20347719181147	0	9.52676139409991	0	1.10518554858209	0	0	0	0	0	0
TCGA-K4-A83P-01A-11D-A34U-08	26.8887107941971	39.7433280100415	0	0	0	0	6.2775139158091	7.86441489383707	0	13.1135810909996	0	21.844759080643	80.642950472828	0	5.23206030430641	5.93395288157613	0	0	0	0	0	13.7570835873615	0	2.10272469364204	0	25.659877571557	0	0.220592621051867	0	0
TCGA-K4-AAQO-01A-11D-A38G-08	36.0723552950183	25.377026776165	15.1978489095	0	0	0	39.136793751521	0	0	2.3809688337207	0	0	92.199272552087	0	7.52439315713574	23.7606938110599	0	0	0	0	0	5.05068759333735	0	0	0	2.12516045636794	0	0	0	0
TCGA-KQ-A41O-01A-12D-A34U-08	47.8644748366101	20.5331265718447	0	2.09640722326929	0	0	6.63063454787978	0	0	13.1994127971448	0	0	115.051128389258	0	0	0	0	0	0	0	0	1.81649472863235	0	1.81881696828527	0	0	3.23415384540427	0	0	0
TCGA-KQ-A41P-01A-12D-A339-08	34.8142337617335	69.1678745872473	0	0	0	0	0	0	0	34.0878920699153	0	0	125.085318192269	0	0	0	28.3393592767268	0	0	0	0	0.465989974271368	0	0	0	0	0	0	0	0
TCGA-KQ-A41Q-01A-11D-A339-08	25.904622095429	1.8607440657922	0	23.4050489094162	0	0	10.8884547316344	0	6.13272827683167	25.9027233826173	0	0	65.4741231275525	0	0	0	0	86.5059305578406	0	0	0	0	0	0	0	0	0	0	0	0
TCGA-LC-A66R-01A-41D-A30E-08	34.6338119511184	9.86703250644898	0	0	0	0	5.3787739966311	0	0	14.2414932907217	0	0	51.9701239803995	0	0	0	0.337043664689525	0	0	6.34559716500584	2.26513686619662	0.937664463460822	0	2.04313326637469	0	0	0	3.88333312549356	0	0
TCGA-LT-A5Z6-01A-11D-A289-08	18.1020578005492	136.150677301477	6.82704569170883	42.6807153874074	0	0	40.1110897098159	0	0	47.3149532175083	0	0	233.255438527284	0	0	0	0	0	0	0	0	0	0	0	0	0	0	0	0	0
TCGA-LT-A8JT-01A-11D-A364-08	12.4712814052409	7.33335708819205	0	0	0	14.4155030066844	7.40962552949501	0	0	7.78963716464732	0	0	17.0202980712737	0	0	2.37928993144226	0	0	2.261172377649	0.237692969631942	0	0	0	4.05829543783192	0	0	0	0	0	0
TCGA-PQ-A6FI-01A-11D-A31L-08	24.3084375284964	21.0397708097815	3.63337500004991	12.5805722262498	0	5.39206177389076	8.10289995622697	0	0	8.93435193375269	0	0	39.08168685326	0	8.64671282998207	10.2908483731533	0	0	0	0	0	5.21965957893403	0	0	0	1.0145042155058	0.119184138806132	0	0	0
TCGA-PQ-A6FN-01A-11D-A31L-08	6.10530004440566	4.05509717022268	0	0	0	17.5415201701442	13.0843593578443	0	0	2.21598858315829	0	0	17.0455086046485	0	0	0	0	0	0	0	0	0	0	10.557114117367	0	0	0	0	0	0
TCGA-S5-A6DX-01A-11D-A31L-08	85.9241273869382	105.898650958101	0	0	0	0	74.5465352797663	0	0	69.4481088795703	0	0	315.775864574613	0	0	0	0	0	0	0	0	0	0	0	0	0	0	0	0	0
TCGA-S5-AA26-01A-11D-A38G-08	49.3522593138207	42.6043782986555	0	0	0	0	7.8532704069414	0	0	13.603425534834	0	0	119.401046583361	0	0	0	0	0	0	0	0	0	0	0	0	0	0	0	0	0
TCGA-SY-A9G0-01A-12D-A38G-08	16.7351129285689	6.61657064019088	0	0	0	0	4.54602888563399	0	0	0	0	0	13.2254500851162	0	0	0	0.0285013464573807	4.02771498688946	0	0.460949507755746	0	0	0	0	6.15357278660184	0.41326397730256	0	0	0	0
TCGA-UY-A78L-01A-12D-A339-08	3.7562087812701	23.3320456332626	0	0	0	26.0466644958906	20.6838556067208	0	0	18.5802890897671	0	7.33192414262583	86.5722310074573	0	0	0	0	0	0	0	0	2.16249266130584	0	13.100759826231	0	0	0	0	0	0
TCGA-UY-A78M-01A-21D-A34U-08	44.7782143347342	31.7725707726565	12.3855320758259	0	0	0	8.586762770711	0	0	0	0	0	47.8842121267646	0	0	0	0	6.74785935302594	0	0	0	0	0	0	0	0	0	0	0	0
TCGA-UY-A78N-01A-12D-A339-08	36.3975611593979	5.04949284173803	0	38.3741612265767	108.339445463547	0	8.1795829842633	0	26.4796303626173	0.437795946733814	0	0	2.52723386927912	0	0	0	0.403823091052205	19.8613404624838	0	0	3.86159114832004	0	0	0	0	0	0	4.03775330356526	0	0
TCGA-UY-A78O-01A-12D-A339-08	70.5354108811278	18.2618878618075	20.0070382242484	0	0	0	8.66039688287582	0	0	1.95619585882033	0	0	66.4954680818178	0.758835132829017	0	0	0	0	0	0	0	0	0	0	0	0	0	0	0	0
TCGA-UY-A8OB-01A-12D-A42E-08	13.2592902220746	1.54145908982444	50.0005131843815	0	0	0	16.2049276042949	0	14.7926663375668	5.11858359377748	0	105.489107375852	47.2278151284129	0	0	6.62262811084971	10.4548754666794	1.48384444036776	0	0	0	2.4724823812266	0	5.07547601819611	0	0	0	20.8854078276233	0	0
TCGA-UY-A9PA-01A-11D-A38G-08	17.9494529610014	25.3408650614691	54.0819558213033	5.35585720319801	0	0	0	0	7.32542325064136	0	0	27.892882572324	14.5434630085578	0	0	0	1.98837584627034	0	0	1.1965500105299	0	0	1.43627610665804	0	0	0	0	0	0	0
TCGA-UY-A9PB-01A-11D-A38G-08	50.9316455292562	94.4562770122725	4.78411307235614	67.3655409344726	0	0	37.6681050527036	0	0	8.02681739034341	0	49.982025303161	151.582127441287	0	0	0	1.1221517589759	0	0	17.0894699078895	17.7127490334876	2.88540404528435	0	0	0	0	0	0	0	0
TCGA-UY-A9PD-01A-11D-A38G-08	59.3616056329798	24.8544229279175	0	35.9730571075368	0	1.74624454424185	8.51208343723972	0	0	4.90869626865241	0	24.0117245998071	39.5564897799866	0	0	34.341142017974	0	0	0	8.66802166878376	0	0	1.78786454181016	2.94015576129867	0	0	0	0	0	18.4465839110508
TCGA-UY-A9PE-01A-11D-A38G-08	30.9605433839321	34.3306539812258	0	1.2194405297818	0	0	26.0165733410302	0	0	23.8281379263017	0	0	67.8837816610246	0	0	0	0	0	0	5.93112270591191	0	3.10917804507967	0	25.1930368015188	0	0	0	0	0	0
TCGA-UY-A9PF-01A-11D-A38G-08	45.9787451678801	271.052931514787	0	0	0	0	105.01564017886	0	0	46.6436243674674	0	0	0	0	0	0	0	0	0	0.287131594354727	0	1.94946690174085	0	0	0	0	0	0	0	0
TCGA-UY-A9PH-01A-11D-A38G-08	35.5765653515644	92.4756364779612	0	0	0	0	48.6912694642725	0	0	32.3685337951846	0	0	151.583299246264	0	0	0	0	0	0	0	0	0	0	0	0	0	0	0	0	0
TCGA-XF-A8HB-01A-11D-A364-08	43.5627686528797	0	0	0	0	8.06915195580346	0	0	0	8.674900053109	0	0	15.7182138031963	0	0	0	0.880274384429157	0	0	5.41142739438465	0	0	1.51400913711656	0	0	0	0	0	0	0
TCGA-XF-A8HC-01A-11D-A364-08	39.495450660229	32.0137234933126	0	0	0	3.23849447104857	17.3468301052889	0	0	3.08267194992016	0	0	22.8628074387207	0	3.92011492843435	0	0	0	0	0	0	0	0	9.76358418133499	0	0	0.232260157697198	0	0	0
TCGA-XF-A8HD-01A-11D-A364-08	50.1176609132399	78.3212845842265	0	0	0	0	33.3785132391772	0	0	32.8264552170722	0	0	267.368366089786	0	0	0	0	0	0	0	0	0	0	7.41628694218178	0	0	0	0	0	0
TCGA-XF-A8HE-01A-11D-A364-08	14.1416879274447	105.704447374422	0	0	0	0	76.4054979012379	0	0	21.5421136527566	0	0	186.941238559442	0	0	0	0	0	0	0	0	0	0	6.04292960517176	0	0	0	0	0	0
TCGA-XF-A8HF-01A-11D-A364-08	0	18.0341917640331	52.90476890346	0	0	30.1877744473936	0	0	0	1.20706752424818	0	0	20.7902327158158	0	0	0	0	9.62133398046733	0	0	0	0	0	0.874766116167249	0	0	0	0	11.0349389905909	0
TCGA-XF-A8HG-01A-11D-A364-08	7.40879549298184	52.5386834950639	3.87339925973919	6.46567779062446	0	77.7010804887016	22.8746265188372	0	0	2.2050794311019	0	0	47.4449902332994	0	0	0	3.12572545135909	1.57833464472411	0	12.086673515855	0	0	0	0	0	28.6898322547213	0	0.902243311099514	9.14235550138272	0
TCGA-XF-A8HH-01A-11D-A38G-08	22.7376732178186	23.5680264989177	0	0	0	0	7.34820059628362	0	0	13.1825178178958	0	0	31.0498001617702	0	0	0	0	0	0	1.55369691861693	0	0.558213898103252	0	0	0	0	0	0	0	0
TCGA-XF-A8HI-01A-11D-A38G-08	16.2858031932383	5.7014543300813	2.34101052705861	0	0	0	14.9291179607184	0	0	0	0	0	25.65598313501	0	8.8827924045656	0	0	0	0	0	0	0	0	0	0	0	0	0	0	0
TCGA-XF-A9SH-01A-11D-A391-08	5.39995024834315	0.386777219633141	2.97367105782476	0	0	10.2702007476153	5.9934543024135	0	0	3.27196361473606	0	0	13.8182870279135	0	0	0	0	0	0	0	0	0	0	0	0	0	0	0	0	0
TCGA-XF-A9SI-01A-11D-A391-08	15.6801383066849	73.4242992492256	10.6989476240587	0	0	0	23.2939108045181	0	0	11.4364902068937	0	0	222.016075157967	0	0	0	0	0	0	0	0	0	0	0	0	0	0	0	0	0
TCGA-XF-A9SJ-01A-11D-A391-08	44.4662151044384	89.3703758815273	0	0	0	0	17.1896929619371	0	0	17.2850540043369	0	6.50455153763632	61.8705831273758	0	0	7.98536360160858	4.95574658114701	0	0	2.76096161695447	0	0	0	0	0	1.09539737527833	0	0	0	0
TCGA-XF-A9SK-01A-11D-A42E-08	25.722685816114	20.3818213768792	9.08197120403349	0	0	2.37498450689049	14.4523952368583	0	0	16.3228871660368	0	0	56.897821003343	0	0	4.79003275898487	0.61444754479063	0	0.965488747982415	0	0	0	0	0	0	0	0	0	0	0
TCGA-XF-A9SL-01A-11D-A391-08	0	0	0	0	0	7.43526024615228	12.609368511052	0	0	0	0	6.72434303382932	50.4215516758748	1.80002135846616	0.784538249425466	9.56875956396964	0	0	0	0	0	0	0	0	0	0	1.5664518498991	0	0	0
TCGA-XF-A9SM-01A-11D-A42E-08	4.8253331891767	60.8049781726128	0	0	0	0	30.2601347169594	0	0	10.5667877954997	0	0	121.823828106273	0	0	0	0	0	0	0	0	0	0	4.92507747221597	0	0	0	0	2.71511252535861	0
TCGA-XF-A9SP-01A-11D-A391-08	59.262678043317	43.4566018796883	2.08764888689201	5.84163081038814	0	0	38.4914378320424	0	0	23.2013167260272	0	0	106.712265953752	0	0	0	0	0	0	3.97090044554102	0	0	0	0	0	0	0.126791707757915	0	0	0
TCGA-XF-A9ST-01A-11D-A42E-08	38.8995816663386	60.7160127096877	105.782343433685	29.8611539938369	0	0	29.5502441968391	0	0	9.21110709568686	0	0	146.991757778064	0	0	0	1.6201040655941	0	0	15.4139499734539	0	5.15479999524729	0	10.5585172498949	0	32.2521728966963	0	0	0	0
TCGA-XF-A9SU-01A-31D-A391-08	21.3139026928789	2.34648071764469	0	0	0	12.7033260866872	3.8067324082227	0	0	4.20235796878532	0	3.99375554688824	7.60616991855213	0	0	0	0.837732169522923	0	0	0	1.49352486071215	0	0	0	0	0	0	0	0	0
TCGA-XF-A9SV-01A-21D-A42E-08	10.3604823766612	0	0	0	0	11.5713825250205	12.7984036159232	0	0	0	0	0	6.54333799334455	0	0	0	1.94619405383854	1.90292850036397	0	0	3.68959282835151	0	0	2.88822713822554	0	0	0	0.654481063136199	7.66398835080064	0
TCGA-XF-A9SW-01A-11D-A42E-08	20.9396959877829	10.1840632520973	0	6.90608943689679	0	0	0	0	0	2.08032232171297	0	0	12.2861669712623	0	0	0	1.59969436380604	0	0	0.00365639289837194	0.00411186256034914	0	1.17818607643872	0	0	0	0	1.72463219176488	0	0
TCGA-XF-A9SX-01A-21D-A391-08	13.6691548660945	0	0	0	0	0	13.979994213688	0	0	0.770742673840162	0	0	9.85688467140228	0	0.28136665880437	18.4043036226176	0	0	0	0	0	0	2.18610272067546	10.9897537464901	0	19.8174858788267	0	0	0	24.4583556235315
TCGA-XF-A9SY-01A-21D-A42E-08	0	37.011823663572	20.0016202496628	89.1916766201496	0	0	26.2438364640242	0	0	18.0378898342983	0	0	117.801512273799	30.0465233123554	0	0	0	0	0	27.9752335098152	11.1959344673752	0	0	24.3870571925692	0	0	0	0	27.4471978252837	0
TCGA-XF-A9SZ-01A-11D-A391-08	23.2467587465954	23.4647208447953	46.5270624192014	0	0	0	25.6465885608516	0	0	6.2326977126158	0	0	53.1959026500677	0	0	0	0	0	0	0	0	5.33347636751409	0	16.9005832806404	0	0	0	0	0	0
TCGA-XF-A9T0-01A-11D-A391-08	73.6023590041981	313.890476507746	72.6289314943647	0	0	6.2789979180091	85.1997204466477	0	0	45.7275867146725	0	0	4.95155142854309	0	0	0	8.2104311580513	0	0	6.2207930508904	3.62713900956443	1.14427044491702	0	10.1432840250709	0	35.6451227381155	0.900831529999627	7.82549974490474	0	0
TCGA-XF-A9T2-01A-11D-A42E-08	28.3154025711344	0	5.04071102720677	0	0	0	19.7512484234698	0	0	1.52980016898803	0	0	31.6262602416462	0	0	2.60059790044186	0	0	0	0	0	4.2201330483328	0	0	0	0	0	0	0.32517723551901	0
TCGA-XF-A9T3-01A-11D-A42E-08	30.062585716484	28.7963998186839	50.7560975239236	0	0	0	0.33145230973004	0	0	3.12649567097818	0	0	17.5245770653157	0	1.85277595804608	55.3232577398499	0	0	0	0	0	10.1540960616224	0	29.7833254278648	0	101.367367501728	0	4.17485008269036	0	24.7260654619077
TCGA-XF-A9T4-01A-11D-A391-08	17.2703106985523	4.43884974369451	0	0	0	1.33719803741466	0.0495873584039872	0	0	1.00899854578815	0	0	9.10131327324223	0	7.98881102472988	0	0	0	0	0	0	1.94328290236395	0	0	0	0	0	0	0	0
TCGA-XF-A9T5-01A-11D-A42E-08	45.4287792610413	141.155861932326	0	0	0	3.73415934258778	83.8752277109612	0	0	27.2599597360742	0	0	377.884174053261	0	0	0	0	0	0	0	0	2.78851326035026	0	0	0	0	0	0	0	0
TCGA-XF-A9T6-01A-11D-A42E-08	66.6487240474649	52.5868555938136	78.5471857562608	0	0.605476613963242	0	25.5313172310505	0	0	13.5671754519171	0	0	0	0	0	0	3.19053209031678	0	0	0.790168229207879	20.8837785804931	0	0	0	0	0	0	0	12.8056279487967	8.00036117463378
TCGA-XF-A9T8-01A-11D-A391-08	67.1547520560166	117.733275884971	0	0	0	0	63.6481680119718	0	0	14.1078486691383	0	0	419.627261031802	0	0	0	0	0	0	0	0	0	0	0	0	0	0	0	0	0
TCGA-XF-AAME-01A-12D-A42E-08	0	0	0	0	1.20037353525672	0	0	0	0	0	0.807327432066982	1.47513422525423	0	0	0	0	0	0	0	5.97812242891078	0	0	1.90358715644916	0	0.0861992381008126	0.642353228949782	0	0.781762083900703	4.17572375527846	0.95292111426121
TCGA-XF-AAMG-01A-11D-A42E-08	91.8695819269474	150.337938620635	97.2504819013251	17.2972800842865	0	2.05178921043277	60.7107185351281	0	0	62.6506959998282	0	0	457.940674217197	0	0	0	0	0	0	0	0	1.97720550815912	0	1.33738574538629	0	0	0	0	0	0
TCGA-XF-AAMH-01A-11D-A42E-08	25.1358777426109	0	0	1.29490764488126	0	8.08556108181993	0.648553629175611	0	0	0	6.08596765520294	3.16648476479668	2.18851538338798	0	0	0	0.525129522646313	5.65817227860136	0	0	0	0	0	0	0	0	0	0	0	0
TCGA-XF-AAMJ-01A-11D-A42E-08	36.7962045768448	0	0	0	0	0	0.363824314111528	0	0	0	0	0	2.2836971221668	0	8.73240490107804	0	0	0.549229455594186	0	0	0	0	0	0	0	0	0	0	0	0
TCGA-XF-AAML-01A-11D-A42E-08	41.6094215659679	135.483248771412	0	0	0	0	77.9874911342743	0	0	54.6356575925579	0	0	159.359444257032	0	0	0	0	0	0	0	0	0.000838203511657292	0	13.572989343424	0	0	0	0	0	0
TCGA-XF-AAMQ-01A-11D-A42E-08	29.5302224481241	41.4288462138034	0	0	0	9.14199670141609	8.85883023935738	0	0	12.4705358357838	0	0	81.8856637024353	0	0.978696510064638	0	0	0	0	0	0	0	0	0	0	0	0	0	0	0
TCGA-XF-AAMR-01A-31D-A42E-08	24.15993211824	20.1716149476274	0	0	0	2.32081973217496	16.1544514932886	0	0	8.93339369612854	0	0	27.5434391595221	0	0	0	1.13708190963157	0	0	0	0	0	0	0	0	0	0	0	0	0
TCGA-XF-AAMT-01A-11D-A42E-08	3.97623343017644	3.8306765847081	20.859597857864	12.8751272881218	0	6.90523376121356	0	0	0	3.64595621592177	0	0	28.0493794246975	0	0	0	0	1.6693660640625	0	0	0	1.24826276975414	0	0	11.5509374271229	0	1.31232310017669	1.77195435252673	0.167963155072859	0
TCGA-XF-AAMW-01A-11D-A42E-08	0	0	0	0	0	0	0	2.71770233888224	0	2.42218603501343	0	0	0	0	1.92344114259182	0	0	0	0	0	2.87638119122846	0.407830150760817	12.1186692236346	0	0	0	0	0.159461146312852	3.22645394090467	0
TCGA-XF-AAMX-01A-11D-A42E-08	29.5219399261995	24.8769580576425	101.867515185769	0	0	25.5178348677331	17.3999669240619	0	0	19.8311103051525	2.30944074800438	0	68.9460537732125	0	0	0	0	0	0	0	0	0	0	13.8465162553404	0	0	0	0	0	0
TCGA-XF-AAMY-01A-11D-A42E-08	40.1550058702231	26.5274498539924	0	0	0	0	2.18218596420441	0	0	0	0	0	35.761469353319	0	0	0	0	0.107999879996978	0	0	0	1.00026163945608	0	2.66568228866461	0	0	0	0	0	0
TCGA-XF-AAMZ-01A-11D-A42E-08	84.9531509978044	42.8447950252377	0	0	0	0	0	0	0	16.2570593170809	7.21810379016429	0	123.308081948744	0	0	0	0	0	0	0	0	0	0	3.5912908097994	0	0	0	0	0	0
TCGA-XF-AAN0-01A-11D-A42E-08	34.1113679018575	65.9016290079167	0	0	0	0	65.1079907414984	0	0	29.2092442236652	0	0	212.314330766291	0	0	0	0	0	0	0	0	0	0	9.50048426811908	0	0	0	0	0	0
TCGA-XF-AAN1-01A-31D-A42E-08	25.3659207152285	1.98609308622045	0	0	0	0	0.58516315684245	0	0	2.90385685973288	0	0	15.3653325331869	0	2.54847200194656	0	0	0	0	10.6562972672821	0.145898739870809	9.47579541890327	4.20043055421822	0	0	0	0	0	2.14924492727501	0
TCGA-XF-AAN2-01A-11D-A42E-08	33.2731907763515	115.800395383403	0	0	0	3.18852274686797	55.2674292873473	0	0	21.9692318045253	0	0	194.577608536802	0	0	0	0	0	0	0	0	0	0	14.4290869005381	0	0	0	0	0	0
TCGA-XF-AAN3-01A-11D-A42E-08	16.9908009422128	16.9266617941526	0	0	0	5.9517296153117	13.0095267065835	0	0	9.15229410109761	0	0	65.0085708948569	0	0	0	0	0	0	6.55654680957377	3.11517478068477	1.51062184672982	0	2.49821068129855	0	0	0.70854649351619	0	0	0
TCGA-XF-AAN4-01A-11D-A42E-08	6.24732792817307	0	0	0	0	0	3.02193559701773	0	0	0	0	3.16636434954498	16.3718201810025	0	0	5.92038275641319	0.496087311327222	0	0	9.92165754708582	0	0	0	0	0	0	0	0	0.444872347037223	0
TCGA-XF-AAN5-01A-11D-A42E-08	26.4225747705904	12.0141943118849	0.229149317759604	0	0	0	24.8209665820159	0	0	0	0	0	185.711282963974	0	0	0	0	24.0286783107951	0	0	0	0	0	8.7741796205499	0	4.96333936140754	0	0	0	0
TCGA-XF-AAN7-01A-11D-A42E-08	41.23906813467	2.95492248581606	0	1.37805414095236	0	0	0	0	0	0	0	7.6770314693539	6.38579126723664	0	0	10.871668404514	0	6.90049274975503	0	3.1588246624651	0	0	6.32135302700731	0	0	0	0	0	0	40.2438619772739
TCGA-XF-AAN8-01A-11D-A42E-08	2.76235569488573	0	0	0	0	0	0	0	0	0	0	0	0	0	0	0	0	0	0	0	0	0	0	0	0	0	0	0	0	0
TCGA-YC-A8S6-01A-31D-A38G-08	24.2378542730844	20.895210049968	0	0	0	0	0.974781355446649	0	0	9.46950860884907	0	0	41.6002650576377	0	0	0	0	0	0	0	0	0	0	0	0	0	0	0	0.842629275223962	0
TCGA-YC-A9TC-01A-22D-A391-08	29.3537047758131	10.9255590491845	0	6.09775052852755	0	0	6.00918369778429	0	0	2.53395992276903	0	0	44.1857883260463	0	1.79585521357728	0	2.66288396985853	13.523816662678	0	0	0	0	0	0	0	0	0	0	0	0
TCGA-YF-AA3L-01A-11D-A38G-08	27.6310061952438	8.46164036139135	39.1170579295088	0	0	19.3961379603022	12.3145214796606	0	0.329927069347737	6.59172612514915	0	6.12391289525774	50.1203502616495	0	0	44.3689168289822	2.4772194772042	18.4851224746441	0	9.63840913417941	0	14.2596672333554	5.98542035195015	9.90948320616059	0	0	0	0.304862473592995	0	1.60735607511871
TCGA-YF-AA3M-01A-11D-A42E-08	28.8597211568277	3.93985270817673	0	0	0	17.223331272595	8.16435353868751	0	2.90815555412974	0	0	0	23.0754797195344	0	2.27547166520046	34.8333301553584	0	0	13.6680216438173	0	0	0	0	10.3553784731421	0	0	0	0	0	0
TCGA-ZF-A9R0-01A-11D-A38G-08	34.1192203349298	16.7831634407425	0	0	0	0	17.9198718833018	0	0	8.66274264200506	0	0	110.375625357253	0	0	0	0	0	0	3.55395867167144	0	0	0	0	0	0	0	0	0	0
TCGA-ZF-A9R1-01A-11D-A391-08	22.3735553827024	10.2145318225754	4.46832577207558	0	0	0	9.81988134318973	0	0	8.51853656339158	0	0	27.3032626673975	0	0	0	0	0	0	0	0	4.4775290880304	0	0	0	0	0	0	0	0
TCGA-ZF-A9R2-01A-11D-A391-08	7.94932575374805	10.788216684483	12.7386482362122	0	0	0	12.5604888062255	0	0	0	0	0	59.6699421409338	0	4.86279501841946	2.66412970045653	4.27208002864574	0	0	0	0	0	0	6.73774422806196	0	14.1787092274992	0.963396100409566	0	0	0
TCGA-ZF-A9R3-01A-11D-A38G-08	28.4750848199315	0	0	0	0	12.3881767057101	16.0953953440897	0	0	0	0	0	20.8953851508057	0	0	0	0	0	0	0	0	0.425643059623639	0	0	0	0	0.851449670785039	0	1.46553693549004	0
TCGA-ZF-A9R5-01A-12D-A42E-08	39.9171298602572	0	0	0	0	0	0	5.1653968525048	0	0	4.5177433068346	0	0.324398280477877	0	0	40.1390171534068	0	0	1.36254030717273	0	0	0.957334163236875	0	3.6074444514211	0	0	0.0271484371011099	0	0	0
TCGA-ZF-A9R7-01A-11D-A38G-08	74.2962001222516	138.860312193828	0	0	0	0	75.3620942767374	0	0	52.7378437344754	0	0	379.613928508928	0	0	0	0	0	0	0	0	0	0	0	0	0	0	0	0	0
TCGA-ZF-A9RC-01A-11D-A38G-08	82.4099747416598	411.33876291144	28.126575627231	0	0	0	156.1894742674	0	0	12.0322870066541	0	0	60.3747865338404	0	0	0	12.5889215791956	0	0	0	0	8.91788798081289	0	14.6337731156037	0	53.384667899967	0	36.479402214873	0	0
TCGA-ZF-A9RD-01A-11D-A42E-08	24.3126776372496	27.2276206174769	0	13.9672641541846	0	3.00460376289476	24.7623805520482	0	0	7.48053607671212	0	0	64.565236547206	0	0	0	0	0	0	0	0	0	0	0	0	0	1.06406610640655	0	0	0
TCGA-ZF-A9RE-01A-11D-A38G-08	20.5901186490863	1.50883354433436	0	0	0	0	0	0	0	3.41179977697926	0	0	3.2403422059885	0	11.2075690550326	4.65883256999447	0.242749199775232	6.50596850188743	0	0	0	3.91108541160934	0	0	0	0	0	1.87968652941587	9.79596213416729	0
TCGA-ZF-A9RM-01A-11D-A38G-08	15.5983452444499	1.65855088764372	29.9355104404306	0	13.5087594833754	0	0.668838741646965	0	0	1.28218382705277	5.50219978667256	0	0	0	0	0	0	0	0	0	5.11862874600329	0	0	8.28361563532039	0	0	2.11592022091762	0	0	0
TCGA-ZF-A9RN-01A-11D-A42E-08	41.7817665129353	10.3004100370549	26.2877059859845	3.78715691454305	0	2.68130381597968	9.91249046476001	0	0	0.756089026006466	0	0	60.7452618879119	0	3.74688193745309	0	0.406445320555635	0	0	0	0	0.618175824087347	0	5.51104135348919	0	0	5.08455663416162	0	0	0
TCGA-ZF-AA4N-01A-11D-A38G-08	12.72368438379	22.1389893985332	14.1432245475733	0	0	17.0164425893419	15.3712736107796	0	0	14.4021326997807	0	0	37.0566179167085	0	8.50343726449584	0	0	11.1537265085189	0	0	0	0	0	0	0	0	0	0	0	0
TCGA-ZF-AA4R-01A-11D-A38G-08	16.2065988725705	3.89740449207207	18.9904701564394	0	0	0	0.0617279690992493	0	0	0	0	0	16.9878976422441	0	0	0	0	0	0	0	0	0	0	2.89074189023314	0	0	0	0	0	0
TCGA-ZF-AA4T-01A-11D-A38G-08	16.6879027711689	1.47395575683838	0	0	0	10.0442558578096	12.0445346563218	0	0	0	0	2.06070175160409	5.42169567399476	0	8.52397468043311	6.84694594992231	4.89125940890244	0	0	0	0	5.53799647200262	0	20.9292783420461	0	0	1.58001641253708	0	0	0
TCGA-ZF-AA4U-01A-11D-A38G-08	27.1898107204905	2.77877724970457	0	2.74107132327802	0	8.30699909829724	3.94295439051155	0	0	0	5.70117184605514	0	2.95495329742689	0	0	0	0	0	0	0	0	0	0	4.96208134250857	0	0	0	4.03330496413834	0	0
TCGA-ZF-AA4V-01A-11D-A38G-08	48.4462793788117	209.8924365383	27.9915826607198	0	0	0	51.5366800399899	0	0	26.8328883367153	0	0	111.966283324144	0	0	40.9435849522181	0	0	0	0	0	2.38152606466925	0	18.9863166052058	0	72.6697606932944	0	0	0.586133555897796	0
TCGA-ZF-AA4W-01A-12D-A38G-08	38.6688356656018	19.8982980661073	0	3.04120168408247	0	75.1596025595099	20.7915524494807	0	0	18.6023066429009	0	0	119.374476608491	65.5528475204837	74.7693540126024	0	0	0	0	0	0	0	0	0	0	20.1295974086958	0	0	0	0
TCGA-ZF-AA4X-01A-11D-A38G-08	31.1372362519803	167.513289570811	0	0	0	0	106.310635976813	0	0	51.4696978685938	0	0	306.610558134519	0	0	0	0	0	0	0	0	0	0	0.740181661829928	0	0	0	0	0	0
TCGA-ZF-AA51-01A-21D-A391-08	41.0959998364565	79.5161638642355	0	0	0	0	62.025446350804	0	0	38.8053782425109	0	0	382.264154218195	0	0	0	7.55469887174434	0	0	0	0	11.2086081848204	0	21.8218602877013	0	1.75472356711712	0	0	0	0
TCGA-ZF-AA52-01A-12D-A391-08	23.1026039563514	26.650623606885	0	0	0	0	18.4593683432193	0	0	6.74637469307599	0	0	27.3709981310539	0	0	0	5.13194100260857	0	0	0	0	0.951394414948515	0	0	0	10.7856120240576	0	0	0	0
TCGA-ZF-AA53-01A-11D-A391-08	7.70574393495769	18.9957330709309	0	0	0	0	47.7821924396639	0	0	0.544488899218394	0	0	109.113308832422	0	0	0	0	0	0	0	0	0	0	0	0	0	0	0	0	0
TCGA-ZF-AA54-01A-11D-A391-08	17.7299789534522	29.0313551727519	0	0	0	0	22.0754281486723	0	0	4.52616850719285	0	0	86.5126980687232	0	0	13.1322970069025	1.04291334763416	5.3112929855753	0	0	0	0	0	0	0	2.81723228074677	0.8943478971198	0	0	0
TCGA-ZF-AA58-01A-12D-A42E-08	9.77730215347615	29.8987348850993	57.8884378920034	2.49206061841658	0	8.31420101346509	0.552337431575131	0	0	3.05662503482524	0	0	72.5965437506722	0	0.232762482814767	2.8252857781012	8.8893448573162	0	0	0	0	2.38654034318132	8.29615476676607	2.36957429093907	0	0	0	0	0	0
TCGA-ZF-AA5H-01A-11D-A391-08	3.83853046831977	13.7793371635539	9.53090867815714	2.73715459851341	0	12.6204014988085	5.32018154702918	0	0	0	0	0	6.9341528481256	0	0	0	0	0	0	0	3.90767707406531	0	0	0	0	0	0	0	1.74588561819	0
TCGA-ZF-AA5N-01A-11D-A42E-08	15.9697238278168	0	3.11585551302788	0.60048277063384	0	0	4.76099090763024	0	7.49077006789544	0	0	0	7.03347571861766	0	4.60802944299402	0	0.524242898615312	0	0	0	3.0964003334554	0	0	0	0	0	0	0	0	0
TCGA-ZF-AA5P-01A-11D-A391-08	13.3029033355583	2.94899993848456	0	0	0	0	0	0	0	3.36092851724122	0	0	17.5262016639924	0	0	0	1.80636914051302	2.51243085454619	0	5.60036990304132	0.218636451009693	2.45888946117567	1.86657557350607	0	0	0	0	0.965652172415667	0.391464553836576	0
