Sample	Signature.1	Signature.2	Signature.3	Signature.4	Signature.6	Signature.7	Signature.8	Signature.9	Signature.10	Signature.11	Signature.12	Signature.13	Signature.14	Signature.15	Signature.16	Signature.17	Signature.18	Signature.19	Signature.20	Signature.21	Signature.22	Signature.23	Signature.24	Signature.25	Signature.26	Signature.27	Signature.28	Signature.29	Signature.30
TCGA-BI-A20A-01A-11D-A14W-08	23.8521025128048	15.5005227524304	0	2.65209630602197	0	0	0	0	0.795446971853274	0	0	3.10320825028085	0.567711141324899	1.59818609399076	0	0	1.24674837301755	0	0.68884500643109	0	0.304553499531486	1.35388186242999	0	0	0	0	0	3.66562973615865	0
TCGA-C5-A1BE-01B-11D-A13W-08	10.6602883686101	20.7645413724495	0	0	19.9727009867492	0	0	0	0	0	0	13.8014720418249	0	0	0	0	0.471172048486039	0	0	0	2.81887352864728	0	0	0	0	0	0	0	0
TCGA-C5-A1BI-01B-11D-A13W-08	8.45026080273802	40.3582324715769	0	0	4.87762639963859	9.46676819857218	0	0	12.5698405152046	0	0	34.8850442014548	0	0	0	0	0	0	0	5.3620982023024	0	0	0	0	0	0	0	0	0
TCGA-C5-A1BK-01B-11D-A13W-08	30.2140749550785	50.2425678480144	0	0	5.41910175175779	20.8301810724229	0	0	18.1326531296239	0	0	63.3968909195169	0	0	0	0	0	0	0	0	0	0	0	0	0	0	0	0	0
TCGA-C5-A1BL-01A-11D-A13W-08	32.0033049145664	47.0587863574911	0	0	0	26.3244234913233	0	0	11.6072318314488	0	0	76.9036515331687	0	12.0113063561597	0	0	0	0	0	0	0	0	5.82584425430165	0	0	0	0	6.80945794908169	0
TCGA-C5-A1BM-01A-11D-A13W-08	20.8461685762671	18.0321742777184	0	0	3.9320238173798	15.7599394650352	0	0	7.8941212073965	0	0	71.8223221584693	0	0	0	0	0	0	0	0	0	0	0	0	0	0	0	0	0
TCGA-C5-A1BN-01B-11D-A14W-08	22.3507902570992	2.59867104424004	0	0	0	0	3.84750672800568	1.95275814044714	1.74990279674508	4.28296096817039	0	23.3133576082899	0	0	0	1.63309423935141	0	0	0	3.53018379074358	0	0	4.39219140088819	0	0	0	0	0	0
TCGA-C5-A1M6-01A-11D-A13W-08	34.2765488433888	20.8805252144392	0	0	0	9.92383619407979	0	0	1.663617538227	0	0	71.0104917996502	0	0	0	0.231125790837332	0	0	0	0	0.318166472184215	0	0.0976796676801028	0	0	0	1.54303462196678	0	0
TCGA-C5-A1M7-01A-11D-A13W-08	16.7377116647197	18.3399936034537	0	0	5.40643537215963	10.1848825150494	0	0	8.1582306944897	0	0	40.0548323401011	0	0.261480944326724	0	0	0	0	0	0.735995869318403	4.4484247438482	0	1.77417238361962	0	0	0	0	0	0
TCGA-C5-A1M8-01A-21D-A13W-08	30.3399757051149	12.3753042705227	2.7043210656277	0	0	0.356501474163776	0	0	9.85305003008638	0	0	7.22301820186277	0	0	0	0	0	0	0	0	0	0	0	0	0	0	0	4.25492074199448	0
TCGA-C5-A1M9-01A-11D-A13W-08	19.4137788259894	4.5467593926509	0	0	8.74496521646899	5.31780211841688	0	0	3.84142129764838	0	0	4.13595821161907	0	0	0	0	0	0	0	0.253655579259598	0	0	0	0	3.35632745504253	0	0	0	0
TCGA-C5-A1ME-01A-11D-A13W-08	34.4928699961402	7.76216487086068	0	0	0	4.50762886581703	0	0	6.7768710721574	0	0	2.85662006439122	0	0	0	0	0	0	6.74860907160959	1.35219482709502	1.01764931810147	0	0	0	0	0	0	0	0
TCGA-C5-A1MF-01A-11D-A13W-08	38.5553395859482	10.9878382476174	0	0	0.557331737430007	9.31240198209249	0	0	3.86464758143565	0	0	33.3978388315943	0	0	0	0	0	0	0	1.60247240446116	0	0	0	0	0	0	0	0	0
TCGA-C5-A1MJ-01A-11D-A14W-08	29.8119656994251	13.003839366479	5.26268042787621	0	0	18.1721961698047	0	0	6.15742249277693	0	0	16.1834242050983	0	0	0	1.44980569219694	0.273438106417399	0	0	0	0	0	1.28303571525543	0	0	0	0	0	0
TCGA-C5-A1MK-01A-11D-A14W-08	48.5742496094652	105.457379960264	0	0	0	22.8507972418904	0	0	16.6223328904113	0	0	141.390651108038	0	0	0	0	0	0	0	0	0	0	0	0	0	0	0	0	0
TCGA-C5-A1MN-01A-11D-A14W-08	36.2966156557033	28.3193627377815	0	7.15625361096231	5.86533417084302	14.7244296293958	0	0	6.7299497374478	0	0	39.3293104567722	0	0	0	0	0	0	0	0	0.230088538141744	0	4.48026788517977	0	0	0	0	0	0
TCGA-C5-A1MQ-01A-11D-A14W-08	0	3.46729517556555	9.73429451122246	1.33739019925761	17.5758910697908	0	0	0	3.73057201763256	0	0	9.93274807040968	0	0	0	0	0	0	0	0	0	0	0	0	0	0	0	0	0
TCGA-C5-A2LS-01A-22D-A22X-09	15.540568997688	11.9268503238117	0	0	6.03942215937724	0	0	0	11.2758610557151	0	0	2.56854384158753	2.97733173864976	5.94038390863373	0	0	0	0	0	0	0	0	0	0	0	0	0	2.08764977561101	0
TCGA-C5-A2LT-01A-11D-A18J-09	12.5699613987856	0	0	0	0	0	0	0	9.93244036253426	0	0	2.20199768991123	0	0	0	1.53536626163134	0	0.413201400907745	0	0	2.24761955665821	0	5.27708755367051	0	0	0	0	14.7901597817964	0
TCGA-C5-A2LV-01A-11D-A18J-09	22.5591783358551	5.16995326589269	0	0	7.07769304253956	12.4711923709722	0	0	9.31750372572336	0	0	17.0449545277765	0	9.51448930310272	0	2.67281182684831	0	0	0	0	0	0	0	0	0	0	0	7.06047874645538	0
TCGA-C5-A2LX-01A-11D-A18J-09	66.8474415684606	25.4202877656149	20.7894527055791	0	0.0195990260672552	24.2768689478943	0	0	3.27635561305471	0	0	54.4557886299759	0	0	0	0	0	0	0	5.0879848732931	5.5655714358075	0	6.48042033444713	0	0	0	0	7.26535805469987	0
TCGA-C5-A2LY-01A-31D-A18J-09	25.1235492077387	29.8582985771263	0	0	0	4.33469891380478	0	0	1.90376352339157	0	0	33.4597387992165	0	23.4285784956116	0	0	0	0	0	0	0	0	12.0047867255525	0	0	0	0.782437895559194	0	0
TCGA-C5-A2M1-01A-11D-A18J-09	15.9301406734761	20.9299961431969	0	0	8.89631809680919	3.64748620114566	0	0	0.285491843204594	0	0	14.7277680523061	0	12.1228637019488	0	0	0	0	0	0.476458939572297	0	0	25.5214921072593	0	0	0.252388825418314	0	1.15441926977116	0
TCGA-C5-A7CG-01A-11D-A32I-09	58.9752268022885	0	0	0	1.52914894899057	0	0	0	0.148166779543627	0	0	0.736464022541662	0	1.28610999368295	0	0	0	0	0	0	0	0	0.307183003336308	0	0	0	0	0	0
TCGA-C5-A7CH-01A-11D-A33O-09	15.6045082800582	13.307115406761	17.6128870317834	0	0	4.67692703974685	0	0	0	0	0	9.05655139867437	13.2162593743855	0	0	1.03342366742205	0	0	6.473167025535	0	0	0	0	0	0	0	1.61068247619928	0	0
TCGA-C5-A7CJ-01A-11D-A32I-09	35.9697051705297	23.6405317575345	0	0	0	0.249764424097931	0	0	6.04308719444831	0	0	0.826552277584843	0	0	0	0	0	0	0	0	1.5358542161701	0	9.0352227628391	0	0	0	0	0	0
TCGA-C5-A7CK-01A-11D-A32I-09	61.1185093905377	24.5686557192919	2.05339326716611	0	16.4625012084002	2.45803050170619	0	0	0	0	0	26.1100211595941	0	0	0	0	8.29158193067386	0	0	1.41244668608452	0.820472060569646	0	0	0	0	0	0	1.6805151236276	1.65499998633579
TCGA-C5-A7CL-01A-11D-A32I-09	31.0679362235998	21.6729997542912	0	0	15.6487134501302	6.72160063860012	0	0	11.2317871278664	0	0	44.4465941573841	0	0	0	0	0	0	0	0	0	0	0	0	0	0	0	0	0
TCGA-C5-A7CM-01A-11D-A33O-09	10.1873020163941	1.72417906719164	0	0	0	0	0	0	0	0	0	2.88320033393725	0	2.45696644727924	0	0	4.75383982613909	0	0	0.689624000053919	0	0	0	0	0	0	0	0.0668949129654765	2.13637212775165
TCGA-C5-A7CO-01A-11D-A351-09	78.8812546057635	15.3352357629656	0	0	0	7.16107952474849	0	0	1.7117416194046	0	0	20.0780468163155	0	0	0	0	0	0	5.7580749857291	0	0	0	0	0	0	0	7.64890103626603	0	0
TCGA-C5-A7UE-01A-11D-A33O-09	83.7762488282658	4.95288401553713	11.3007358871211	0	0	3.98217419543246	18.8426825855026	0	0	0	0	19.5682691737232	0	0	0	1.44186695260709	0	0	1.24744885498163	5.09749116342828	3.19451303733465	0	0	0	0	0	0	9.45367069680377	0
TCGA-C5-A7UH-01A-11D-A351-09	32.4018186913368	106.424016734287	0	0	0	26.1558063967399	0	0	29.6014817259157	0	0	70.9268286037843	0	0	0	0	0	0	0	3.81953097425884	0	0	0	0	0	1.38992139858869	0	0	0
TCGA-C5-A7X3-01A-11D-A351-09	15.1300258221985	11.1522315397413	0	0	13.3447253440888	7.23233703651853	0	0	2.88477065237232	0	0	24.105009827949	0	0	0	0	0	0	0	3.03961120279735	0	0	8.01760727571257	0	0	0.297780363348619	0	0	0
TCGA-C5-A7X5-01A-11D-A36J-09	90.6514653286917	66.4724055383676	0	0	0	34.1051128973448	0	0	26.7491302273509	0	0	42.217298222267	0	11.4214024878586	0	0	0	0	0	0	0	0	0	0	0	0	0	0	0
TCGA-C5-A7X8-01A-11D-A36J-09	12.3975121953827	11.0981539680135	1.35142796396612	0	3.00096879686173	4.5914061200268	0	0	6.83327052390136	0	0	9.47566259447114	0	17.6454413755657	0	0	0	0	0	0	2.43989474655614	0	0	0	0	0	0	0	0
TCGA-C5-A8XH-01A-11D-A37N-09	31.8715417313702	19.7405955687959	67.4268725413442	16.3560246741028	0	27.5263185847367	0	0	33.7235597672436	8.58947800481129	0	83.4144580594415	0	0	0	0	0	0	0	0	0	0	0	0	0	0	0	0	0
TCGA-C5-A8XJ-01A-11D-A37N-09	45.1352172695802	121.478547188566	0	0	0	56.4748266481168	0	0	29.074380109903	0	0	148.36522017152	0	0	0	0	0	0	0	0	0.599194955886929	0	0	0	0	0	0	0	0
TCGA-C5-A8YQ-01A-11D-A37N-09	25.1701967648613	15.4531383762431	0	0	23.036815918864	36.1806911174174	0	0	10.9455928108549	0	0	77.824987036478	0	0	0	0	0	0	0	0	4.24813958183142	0	0	0	0	0	0	14.9814433220008	0
TCGA-C5-A901-01A-11D-A37N-09	27.5207269588564	22.9963236207209	0	0	1.58858485973686	19.4807598920408	0	0	15.3197376190454	0	0	16.1739624025661	0	0	0	0	0	0	2.77418689162632	5.29401034385019	0	0	0	0	0	0	0	0	0
TCGA-C5-A902-01A-11D-A37N-09	28.5344312040451	128.222674270237	0	0	9.38079964918953	39.9393112762194	0	0	27.1418631048132	0	0	110.177515094416	0	0	0	0	0	0	0	0	0	0	5.26570443864531	0	0	0	0	0	0
TCGA-C5-A907-01A-11D-A37N-09	11.376582320455	18.1924898500881	5.43895005407541	0	10.3505200810187	6.55471679614125	0	0	0	0	0	11.1554701228917	0.343928016969578	0	0	0	0	0	0	0	0	0	1.35879036984949	0	0	0.532592266892642	0	0	0
TCGA-DG-A2KK-01A-11D-A17W-09	72.8692815046714	96.0018401476897	0	0	1.17297783210927	29.6338826239046	0	0	29.9121817000632	0	0	184.015873961476	0	0	0	0	0	0	0	0	0	0	0	0	0	0	0	0	0
TCGA-DG-A2KL-01A-11D-A17W-09	72.8167514651581	36.5687488084318	0	0	0	17.9799891892342	0	0	4.7831051290707	0	0	73.0337882631532	0	0	0	0	0	0	0	0	0	0	0	0	0	0	0	0	0
TCGA-DR-A0ZL-01A-11D-A10S-08	12.1438451310732	6.48658427298373	0	0	21.7053032318009	0	0	0	1.92253468172357	0	0	17.8729444213019	0	0	0	0	0	3.91511487561119	0	0	1.37005728736644	0.547921849161426	4.68777246060509	0	0	0	0	0	0
TCGA-DS-A0VK-01A-21D-A10S-08	35.3218142687392	33.6571471634382	0	0	0	11.152848253778	0	0	20.9027585523045	0	0	31.0608200372104	0	0	0	0	0	0	0	0	0	0	0	0	0	0	0	0	0
TCGA-DS-A0VL-01A-21D-A10S-08	27.8560206607345	4.6691196060034	0	0	0	0.802806188253658	0	0	3.62609990311796	1.78337291090944	0	32.1947083245695	0	0	0	0	0	0	0	0	0	0	0	0	0	0	0	0	0
TCGA-DS-A0VM-01A-11D-A10S-08	23.2852999563305	74.9352486972784	0	0	1.41663698159109	43.367515985548	0	0	32.4796390085147	0	0	111.48870127503	0	0	0	0	0	0	0	0	0	0	6.35613749687972	0	0	0	0	0	0
TCGA-DS-A0VN-01A-21D-A10S-08	22.3562083689793	22.5853843640135	0	0	0	20.5209520760853	0	0	10.7944174657345	0	0	37.8859117971695	0	10.4273756374174	0	0.605083120347186	0	0	0	0	0	0	0	0	0	0	0	2.40565268649902	0
TCGA-DS-A1OA-01A-11D-A16Y-08	11.9559869455988	12.0304124530462	0	0	0	0	0	0	2.48643384236272	0	0	2.32694957182071	0	0	4.40425157132998	0	0	0	0	10.9624467502928	0	0	0	0	5.13292897874662	0	3.64461328474309	0	0
TCGA-DS-A1OB-01A-11D-A16Y-08	111.276042557299	182.269103200058	0	0	0	58.6523052155119	0	0	39.442762042949	0	0	153.232645179114	0	0	0	0	0	0	2.40785105056717	0	0	0	3.18560790607389	0	0.207546305661601	0	0	0	0
TCGA-DS-A1OC-01A-11D-A14W-08	4.53008793880786	31.717563095683	43.4431628284157	13.7525523693396	33.4823379459955	18.2433522442292	0	0	0	0	13.2857104488225	86.5694491494875	0	0	18.0417678528493	2.97222941914902	3.5593953659578	0	0	5.33447823411079	6.25393647676007	0	3.26975681634348	0	0	0	0	0	0
TCGA-DS-A1OD-01A-11D-A14W-08	62.3968624972528	6.27885502843421	8.95153373837414	0	6.0970920510919	0	0	0	0	0	28.827360783807	9.62833919667993	0	0	0	0	0	0	8.266264086087	6.02893824850136	0	0	0.646800607335434	0	0	0	4.35439490224075	0	0
TCGA-DS-A3LQ-01A-21D-A21Q-09	17.4243454973889	1.77789172516146	0	1.57623844435053	12.7200950890075	0	0	0	2.21614750965212	0	0	1.30887020732532	0	4.96294303679089	0	0	0.550119826376233	1.08945720671214	0	0	0.319073416389588	1.67620806551627	0	0	0	0	0	0	0
TCGA-DS-A5RQ-01A-11D-A28B-09	29.2908647052072	47.1051522354689	0	0	0	17.4235321364433	0	0	15.4319918097502	0	0	7.93304732902679	0	0	0	0	0	0	0	4.71099570744053	0	0	0	0	0	0	0	7.77285884418595	0
TCGA-DS-A7WF-01A-11D-A351-09	11.0890203842746	0.323895569732013	0	0	6.61357081823926	9.63101568636492	0	0	1.58377491813233	0	0	0	0	7.35037098407551	0	0.252344696939535	0.047092950714547	0	0	0	0	0	10.3668536871301	0	0	0	0	1.98714414391339	0
TCGA-DS-A7WI-01A-12D-A351-09	27.1310650479141	0	0	6.09973072576887	0.319762387598846	0	0	0	0.289033141016462	0	0	0.967830179416607	0	0	0	0	0	0	0	0	0	0	0	0	0	0	3.71969201138902	0	0
TCGA-EA-A1QS-01A-61D-A22X-09	38.1903941542762	16.1155071908966	0	0	0	0.611037731496556	0	0	5.61820209899448	0	0	15.3812515719467	0	0	0	0	0	0	0	0	0	0	5.93497794680731	0	0	0	0	0	0
TCGA-EA-A1QT-01A-11D-A14W-08	11.6843772683298	3.81644761182243	13.7321892025887	0	0	0.487282071330678	0	0	4.01444916022177	0.898439480708451	0	2.81568271500503	0	18.0470597730349	0	4.10211813069325	0	0	0	0	1.70019835156159	0	0	0	0	1.66873316922077	0	0	0
TCGA-EA-A3HQ-01A-11D-A20U-09	66.7929849168182	16.9325852716219	0	0	11.7381563917452	4.55525191220415	0	0	0	0	0	7.85504320441327	0	0	0	0.483473041510115	7.84863572112982	0	0	0	0	0	0	0	0	0	0	0	0
TCGA-EA-A3HR-01A-11D-A20U-09	9.51937389338721	6.80410018842375	0	0	15.0618392424841	21.4312797126822	0	0	9.26299260608044	0	0	21.1616913684756	0	2.11758855611017	0	0	0	0	0	0	0	0	0	0	0	0	0	0	0
TCGA-EA-A3HS-01A-11D-A20U-09	634.38601808335	0	0	0	432.797800514521	0	0	0	0	0	0	2.31257719407318	0	62.7153788104115	0	0	0	0	0	0	0	0	0	0	0	0	0	0	0
TCGA-EA-A3HT-01A-61D-A21Q-09	23.6519090041222	36.3069355438812	0	0	21.291143324171	21.1703496856233	0	0	3.27255333531797	0	0	4.70268578338783	0	0	0	4.80720986057451	0	0	0	0	0.662298519537873	0	3.66199964209555	0	0	0	0	2.91795189320295	0
TCGA-EA-A3QD-01A-32D-A22X-09	47.8645190242639	44.9807088038997	0	0	0	8.74302409871487	0	0	0	0	0	16.9320042164707	0	0	0	1.51973087446232	0	0	0	0	0.277769057484177	0	0	0	0	0	0	0	0
TCGA-EA-A3QE-01A-21D-A21Q-09	33.9223863989291	15.4097055789021	0	0	1.68711221107739	12.040012637753	0	0	3.29802433820234	0	0	13.5755578623384	0	0	0	0	6.63629150919836	0	0	0	0	0	0	0	0	0	0	0	0
TCGA-EA-A3Y4-01A-51D-A243-09	23.9350963246634	51.7345473152402	8.02559187191078	0	2.14522655451731	0	0	0	3.82888266845565	5.24030697853404	0	68.5700625233666	0	2.80717695004251	0	0.197769091271498	0	0	0	0	0.27967067601824	2.01690780675706	0	0	0	0	0	0	0
TCGA-EA-A411-01A-11D-A243-09	19.0849514504971	0.837977511631026	10.763561637111	0	0	0.923544989290858	0	0	6.3715798391248	0	1.40466600126078	8.64136152989981	0	3.43920114086966	2.05762583070577	0	0	0	0	0	0	0	7.09914701092466	0	0	0	0	0	0
TCGA-EA-A43B-01A-81D-A243-09	42.6030689167741	40.3603470153462	14.1073177158873	0	0	9.52892309244274	0	0	10.2851681143819	0	0	138.631730133825	0	0	0	0	0	0	0	0	0	0	0	0	0	0	0	0	0
TCGA-EA-A5FO-01A-21D-A28B-09	36.5668887198859	17.4754235776395	0	0	23.3782146150901	4.70816062968491	0	0	2.08990686773765	0	0	0	0	8.01054581856514	0	0	0	0	0	0	0	0	1.20948141665441	0	0	1.40450016975728	0	0	0
TCGA-EA-A5O9-01A-11D-A28B-09	42.5641411853392	1.04713517121223	0	0	2.75082961198065	0	0	0	11.5229879796702	0	0	0.576430929595472	0	7.72109321398629	0	0	0	0	0	0	4.23791006499638	0	0	0	0	2.06740381555361	0	0	0
TCGA-EA-A5ZD-01A-11D-A28B-09	13.7964822733486	2.76271183089508	0	0	0	0.325932936737112	0	0	4.08094893777811	0	0	0	0	0	0	0	0	0	1.08716986975341	2.26132419666219	0	0	0	0	0	0	0	2.31160409024339	0
TCGA-EA-A5ZE-01A-11D-A28B-09	12.1243328070462	6.00089251489712	0	0	25.3779474981881	3.16394642326191	0	0	0	0	0	7.86726866716923	0	0	0	0	0	0	1.50759552379454	0	0.36591193152909	0	3.1007025998835	0	0	0	0	0	4.47515314952873
TCGA-EA-A5ZF-01A-11D-A28B-09	33.0822349509179	13.3210565182776	0	4.1625404508375	10.7127053213949	0.314990785076725	0	0	0	3.75833477280398	0	7.22916043779539	0	0	0	0	3.3788836334404	0	0	0	0	0.319512678899275	0	0	0	0	0.975111960137523	0	0
TCGA-EA-A6QX-01A-12D-A33O-09	20.5959446215157	19.9819367067897	0	0	11.1601283821787	9.64205926347789	0	0	0	0	0	16.5332523848345	0	0	0	0	0	0	0.875191847659471	0	0	0	0	0	0	0	0	0	0
TCGA-EA-A78R-01A-11D-A32I-09	11.2205326214668	14.5545748736462	0	0	0	3.86726128521181	1.2339304568121	0	5.94242590488326	0	0	16.9476570878775	0	0	0	1.29957166135239	0	0	11.6659686114302	3.27696088851267	0.434454377023377	0	0	0	0	0	0	0	0
TCGA-EA-A97N-01A-11D-A387-09	40.9408257889652	58.9579538891873	0	0	9.74069465381895	12.4797551564929	0	0	3.24092711109639	0	0	30.3910829960222	0	3.73697299713066	0	0	0	0	0	0	0	0	0	0	0	0	2.2028176106813	0	0
TCGA-EK-A2GZ-01A-11D-A17W-09	55.0381724298752	7.63406250871752	0	0	0	2.5439432133995	0	0	14.8068237302841	0	0	3.96058874077208	0	0	0	0	0	0	0	0	0	0	6.85864942379819	0	0	0	0	0	0
TCGA-EK-A2H0-01A-11D-A17W-09	18.2810827985315	36.8162902516972	0	0	0	26.9345799982986	0	0	1.28902583184324	0	0	110.069241642945	0	0	0	0	0	0	0	0	0.635311411818349	0	4.1122850656194	0	2.3644547021414	0	0	0	0
TCGA-EK-A2H1-01A-11D-A17W-09	13.4558989958776	14.4992033386137	0	0	0	0.619085835846067	0	0	3.8870527860443	0	0	12.2190200731002	0	0	0	0	0	0	1.45044923430801	0	0.0265686618689307	0	3.93307772734107	0	0	0	0	0	0
TCGA-EK-A2IP-01A-11D-A17W-09	15.663388216599	51.8845227169198	0	0	0	16.113945523269	0	0	2.63117530148725	0	0	50.2995768817096	0	0	0	0	0	0	0	0	3.09989598055158	0	5.9523197130002	0	0	0	0	0	0
TCGA-EK-A2PG-01A-11D-A18J-09	102.261642098483	179.01943183969	0	0	0	98.0486202450586	0	0	49.6905861919815	0	0	258.1014012535	0	0	0	0	0	0	0	0	0	0	16.7843307337556	0	0	0	0	0	0
TCGA-EK-A2PI-01A-11D-A18J-09	32.313152453138	15.4286995179964	0	0	12.467267618308	8.58575423715201	0	0	4.90877913421275	0	0	13.5948018297354	0	2.69453592834874	0	0	0	0	0	0.612411716026197	0	0	0	0	0	0	0.0686529557553005	0	0
TCGA-EK-A2PK-01A-11D-A18J-09	10.9966476258054	0	0	0	0.817890790820498	0.197253484860253	0	0	0	0	0	5.39650571165112	0	10.7616363002437	0	0	0	0	0	0	0	0	0	0	0	0	2.31948269355915	2.3300221420043	0
TCGA-EK-A2PL-01A-11D-A18J-09	30.0024285846749	43.6334871731021	0	0	0	6.47725316331981	0	0	7.97591328852621	0	0	118.659530208968	0	0	0	1.10139757843046	0	0	0	0	0	0	0	0	0	0	0	0	0
TCGA-EK-A2PM-01A-11D-A18J-09	28.5951678285435	60.1464460163127	47.7249779933353	2.58636384712524	16.0992383910586	29.4552570762802	0	0	0	0	0	87.0060456560407	0	0	0	0	0	0	0	0	10.8576838768147	0	53.6622481850043	0	0	0	0	1.0018253104929	0
TCGA-EK-A2R7-01A-11D-A18J-09	25.3761747803582	16.5588605110838	0	0	0	21.2748104727636	0	0	1.74562294036604	0	0	70.7633446348085	0	6.59867075382257	0	0	5.50708580291307	0	0	0.220514812080951	0	0	4.54825282280357	0	0.398832153399045	0	0	0	0
TCGA-EK-A2R8-01A-21D-A18J-09	31.6214620048118	100.143722184238	0	0	4.93414826206295	13.8509469566363	0	0	11.2802016877241	0	0	180.974967445794	0	0	0	1.28072726979938	0	0	0	0.310447220094746	0	0	0	0	0	0	0	0	0
TCGA-EK-A2R9-01A-11D-A18J-09	22.8231960361998	0.445570366360929	0	0	5.91985103742831	4.33386834171723	0.41409757945437	0	5.21600908684263	0	0	2.24755258204955	0	0	0	0	0	0	0	0	0.337228552934554	0	0	0	2.85002432013042	0	0	11.3709854540612	0
TCGA-EK-A2RA-01A-11D-A18J-09	66.5952153038918	45.1019036998313	0	0	14.4508805134733	40.7717103959764	0	0	5.12843263541443	0	0	89.1429539373605	0	0	0	2.72483316654508	0	0	0	0	2.9641997250366	0	0	0	0	0	0	3.37742403828969	0
TCGA-EK-A2RB-01A-11D-A18J-09	45.5806012634623	21.123382485324	0	0	18.8368358842649	0	0	0	3.77203315303373	0	0	28.1867668176311	0	0	0	1.43308430240598	0	0	0	0	0	0	0	0	0	0	0	8.65437356083169	0
TCGA-EK-A2RC-01A-11D-A18J-09	19.5641765150451	24.6053212094871	0	0	0	18.0043290660705	0	0	15.241740029177	0	0	122.536797695905	0	0	0	0	0	4.97845065864832	0	0	0.0469794206172301	0	0	0	0	0	0	0	0
TCGA-EK-A2RE-01A-11D-A18J-09	17.8921075215387	0.630142903182476	0	0	4.61007466418062	1.2417020044764	0	0	0	0	0	0	0	0	0	0	1.80566464306111	0	0	0	0	0	0.687355891159146	0	0	0	0	0	0
TCGA-EK-A2RJ-01A-11D-A18J-09	56.0097773456207	84.5505021537383	0	0	0	44.2552668748264	0	0	19.5592182475759	0	0	209.151665552216	0	0	0	0	0	0	0	0	0	0	7.84257773370123	0	0	0	0	0	0
TCGA-EK-A2RK-01A-11D-A18J-09	33.6153453038618	101.898011068374	0	0	16.2397631644447	19.7138384207545	0	0	10.3484099172271	0	0	88.0131162154699	0	0	0	0	0	0	0	0	2.67563864979377	0	5.64813237761437	0	0	0	0	0	0
TCGA-EK-A2RL-01A-11D-A18J-09	26.1628539023987	0	0	4.01894814322276	0	0	0	0	3.37460667356671	0	0	0	0	0	0	0	0	0	0.763715878407111	0	0	0	0	0	0	0	0	0	0
TCGA-EK-A2RM-01A-21D-A18J-09	29.4450503214765	12.608553207706	0	0	1.85192379045925	15.8958174229813	0	0	1.06534949470596	0	0	27.3942422819719	1.35608366025352	0	0	0	0.71332315652769	0	0	0	0.460133844360881	0	2.65228815342515	0	0	0	0	9.62380936165491	0
TCGA-EK-A2RN-01A-12D-A20U-09	38.4703029242419	63.301646276643	0	0	16.1139772229292	10.4317826686523	0	0	4.04189448546089	0	0	34.56879701038	0	0	0	4.77209375366764	0	0	0	0	0	0	4.14106298083088	0	0	0	0.629573705148057	0	0
TCGA-EK-A2RO-01A-11D-A18J-09	39.2152711516303	31.5116016920674	0	0	34.8980658964301	2.39328906660466	0	0	0	0	1.46642617384706	26.3071307541537	0	0	0	0	5.34674411169097	0	0	0	0	0	0	0	0	0	0	7.25439793551431	0
TCGA-EK-A3GJ-01A-21D-A20U-09	32.2322710314413	75.5119774177224	0	0	0	21.2186991277494	0	0	10.1066028312525	0	0	141.403206540573	0	0	0	0	0	0	0	0	0	0	0	0	0	0	0.450896612089226	0	0
TCGA-EK-A3GM-01A-11D-A20U-09	54.4755865943679	71.1487393237225	0	0	0	36.8245052468895	0	0	16.3679026198517	0	0	52.5775610937384	0	0	0	0	0	0	2.20302406743286	0	0	0	0	0	0	0	0	0	0
TCGA-EK-A3GN-01A-11D-A20U-09	50.8401587639075	16.2927873225538	0	0	0	0.158501327132064	0	0	0	0	0	0	0	0	0	0	0	0	0	0	0	0	0	0	0	0	1.74040653870718	0	0
TCGA-EX-A1H5-01A-31D-A13W-08	29.0179943476773	2.01537990931941	0	0	2.58745457171306	3.68572146263848	0	0	2.52631220254391	0	0	0.710141865804344	0	12.227190899629	0	0	0	0	0	0	0	0	0	0	0	0	0	0	0
TCGA-EX-A1H6-01B-11D-A22X-09	35.0157923040634	26.3682423927108	0	0	0	15.8327538517689	0	0	12.4508197227149	0	0	33.8248150739389	0	4.03432817882374	0	0	0	0	0	0	0	0	0	0	0	0	0	0	0
TCGA-EX-A3L1-01A-11D-A21Q-09	24.5342714254444	6.99798638175488	4.72827390566972	3.22497798139633	0	0	0	0	2.57051010449397	0	0	9.50653996371441	0	0	0	0	0	0	0	0	0	0	0	0	0	0	0	0	0
TCGA-EX-A449-01A-11D-A243-09	43.8045829324171	0	0	0	0	0.860823773869114	0	0	0	0	0	0	0	3.66917507255523	0	0	2.43284162986473	0	0	0	0	0	0	0	0	0	0	0	0
TCGA-EX-A69L-01A-11D-A32I-09	7.08463375794796	18.5752620152989	0	0	0	8.75577843037891	0	0	3.91297856167638	0	0	21.1028143892999	0	0	0	0	0	0	3.3890678895247	0	0	0	3.854387216778	0	0	0	0.865779060201263	0	0
TCGA-EX-A69M-01A-11D-A32I-09	19.3755158450533	3.90854230023312	0	2.84228309921892	0	0	9.12371878602115	0	0	2.09606651180561	0	0.978031022998312	0	16.225219869851	0	0	0	0.74432457632686	0	0	0	0	0	0	0	0	0	1.4213493609469	0
TCGA-EX-A8YF-01A-11D-A37N-09	10.0671811495048	16.1354229918212	0	0	5.61562522706257	0	0	0	3.61341850680809	0	0	2.57039910572437	0	1.56750601284277	0	0	0	5.89269905641486	0	0.0638577204418142	0	0	0	0	0	0	0	0	0
TCGA-FU-A23K-01A-11D-A16O-08	7.63198837982901	21.2867495880448	10.1310091508112	0	6.76941528863303	18.0357419555027	0	0	1.01695655833547	0	0	37.5818063116351	0	3.47201344372292	0	0	0	0	0	0	0	0	0	0	0	0	0	0	0
TCGA-FU-A23L-01A-11D-A16O-08	20.4061633615802	19.8292411330263	6.67296188556785	6.3593485400161	1.77880841960178	8.16058671224721	0	0	7.21192301485511	0	1.24367512888458	65.6619746712855	0	0	0	1.65154837771713	0	0	0	1.9350642546908	2.01678910528579	0	4.30862169341227	0	0	0	1.01274123789236	0	1.09719452995035
TCGA-FU-A2QG-01A-11D-A18J-09	18.0456738889499	34.8829406615001	0	0	5.96265991673463	7.62651919575701	0	0	7.96866893842327	0	0	26.799868315808	0	1.34603704016044	0	0	0	0	0	0	0	0	3.07051396202102	0	0	2.58550873409424	0	0	0
TCGA-FU-A3EO-01A-11D-A20U-09	17.9831827189201	1.03580918807884	0	0	15.1589732307379	13.3355582809249	0	0	0	0	0	4.58700371608053	0	11.6650963096319	0	0.271616500046841	0	0	0	0.223893247691906	0	0	0	0	0	0	0	0	0
TCGA-FU-A3HY-01A-11D-A21Q-09	17.0221335290893	73.8721611337525	0	0	18.1507313986275	4.50228585313271	0	0	20.8486141917575	0	0	102.486321838255	0	0	0	0	0	0	0	0	0	0	0	0	0	0	0	8.1152049393578	0
TCGA-FU-A3NI-01A-11D-A21Q-09	70.8673544148574	15.5625144855796	0	0	0	25.8408432322778	0	0	10.7337267492325	0	0	10.2304158173857	0	0	0	0	0	0	0	0	0	0	0	0	0	0	0	0	0
TCGA-FU-A3TQ-01A-11D-A22X-09	23.2290847473865	0	1.45804976423334	0	6.52324041642087	0.33733279291747	0	0	4.28641031763851	0	0	7.15538258638138	0	0	0	0.389508000508377	0	0	0	4.69220751390858	0.526615688259458	0	0	0	0	0	0	6.02791204192513	0
TCGA-FU-A3WB-01A-11D-A22X-09	44.8037187594158	25.8972184947415	0	0	0	0	0	0	4.51910713842496	0	0	6.99752025755284	0	0	0	0	0	0	0	0	0	0	0	0	0	0	0	7.6673777546911	0
TCGA-FU-A3YQ-01A-11D-A22X-09	23.6641478187156	14.173569378954	0	0	0	12.9219710150528	0	0	7.29820147537806	1.94016028524562	0	41.3760081144434	0	0	0	0	0	0	0	0	0	0	0	0	0	0	0	7.78082766779819	0
TCGA-FU-A40J-01A-11D-A243-09	24.402051129834	37.3117614043422	17.0750721973214	0	29.4271984795257	29.8837903836621	0	0	8.3976445166375	2.72748905828525	0	79.9009658699007	0	0	0	0.721969169526991	0	0	0	1.59827535222643	0.373263376180781	0	0	0	0	0	2.27783798405777	18.9495221386498	0
TCGA-FU-A5XV-01A-11D-A28B-09	44.6780682596204	26.7284126586063	0	0	0	1.51642267061576	0	0	0	0	0	42.421088259742	0	0	0	0	0	6.53540675591336	0	0	0	0	0	0	0	0	0	0	0
TCGA-FU-A770-01A-11D-A33O-09	13.5673974957465	21.4189644820283	0	0	0	2.1921316323618	0	0	1.8869586136931	0	0	4.91436866028486	0	13.2829940612485	0	0	1.71042476021886	0	0	0	0	0	0	0	0	0	0	0	0
TCGA-HG-A2PA-01A-11D-A20U-09	8.48677676312002	3.55870801162531	5.74473759499485	0	13.011142375198	3.83828803209774	0	0	6.86574195511833	1.38529126641617	10.0195690290271	1.9155868377305	0	0	0	0	8.12471041889786	0	0	0	0	1.94485838293922	0	0	0	0	0.984645929576226	0	0
TCGA-HM-A3JJ-01A-21D-A21Q-09	29.1671292542037	5.23551043313725	3.36045176567552	0	3.72815412647097	6.88434535015033	3.35138321437651	0	0.348398245186881	0	0	10.1954057972785	0	0	2.66348870885439	0.125237372487523	2.51584680053311	0	5.19546518453845	0	0	0	0	0	0	0	0	5.23379841585442	0
TCGA-HM-A3JK-01A-11D-A21Q-09	23.9137788544735	5.39808014888616	0	0	0	10.5157476982299	0	0	9.84021772720577	0	0	6.4749099885863	0	2.3049447470185	0	0	0	0	0	5.14753106977496	0	3.08565008477867	0	0	0	0	0	0	0
TCGA-HM-A6W2-01A-21D-A33O-09	20.5690633284673	0	0	4.15133990392013	14.6025440136048	3.01927872062609	0	0	0	0.261304229861196	0	0	0	0	0	0.358813653317735	0	0	0	0.284255206664206	0	0	0	0	0	1.57230971716703	0	5.61100876414248	0
TCGA-IR-A3L7-01A-21D-A20U-09	10.694984788534	0.239513126017439	0	0	0	0	0	0	0	0	0	6.16987940974096	0	0	0	0	0	0	15.4707095913382	1.08886484227039	0	0	0	0	0	0	0	1.78911254732762	0
TCGA-IR-A3LB-01A-11D-A243-09	28.065934484097	10.4132201009547	0	0	4.18901809437055	1.02462296943333	0	0	0	0	0	7.75366773513179	0	0	0	0	0	0	0	0	0	0	0.387982871776664	0	0	0	0	9.36538812473443	0
TCGA-IR-A3LC-01A-11D-A20U-09	10.4643467299042	0	0	0	9.4915007785032	4.64309915979462	0	0	4.57785843384973	0	0	10.4999603850709	0	3.13576073065437	5.4927400601642	0	0	0	0	0	0	0	0	0	0	0	0	0	0
TCGA-IR-A3LF-01A-21D-A22X-09	32.2494174424249	48.3529303237304	0	0	0	19.0040839017173	0	0	14.0838048241914	0	0	38.5986625778385	0	0	0	0	0	0	0	0	0	0	6.27640145008187	0	0.652880952839857	0	0	0	0
TCGA-IR-A3LI-01A-11D-A20U-09	30.3247661721201	166.921893463252	0	0	3.83080986900346	60.1747804339447	0	0	40.7816674047443	0	0	127.151186842261	0	0	0	0	0	0	0	0	0	0	5.06746822871514	0	0	0	0	0	0
TCGA-IR-A3LL-01A-11D-A20U-09	50.9552927949477	176.809954242086	0	0	0	20.1874136031868	0	0	0	0	0	182.18170733753	0	16.5982622966293	0	0	0	0	0	0	0	0	0	0	0	0	0	0	0
TCGA-JW-A5VG-01A-11D-A28B-09	21.7218778978611	0	4.00475502417658	0	0	0	0	0	0	0	0	0	4.4761595494893	0	0	1.96810899470507	0	0	0	0	0	0	0	0	0	0	0	0	0
TCGA-JW-A5VH-01A-11D-A28B-09	47.1611884259137	0	0	0	1.46778144057211	0	0	3.56204336775112	0	0	0	0.930801294424818	3.35341102155567	4.82636278790417	0	0	7.06018535040425	0	0	4.20091172208633	0	0	0	0	0	0	0.548094359758662	2.77305251955985	0
TCGA-JW-A5VI-01A-11D-A28B-09	41.1913555678538	0.515855579866067	0	0	0	11.651076198536	0	0	0	0	0	22.6788389112334	0	0.845220567873467	0	0	0	0	0	0	0.902247105124045	0	0.148298517156825	0	0	0	0	0	0
TCGA-JW-A5VJ-01A-11D-A28B-09	8.27515021466207	110.923051234914	0	0	18.1953516491416	35.1904017293133	0	0	12.1852050899304	0	0	78.8889004099054	0	0	0	0	0	0	0	0	0	0	0.0787364133675588	0	0	0	0	0	0
TCGA-JW-A5VK-01A-11D-A28B-09	30.1814468671651	4.21397793488297	0	0	3.4973551624921	0	0	0	0	0	0	0	0	5.29551502126549	0	3.25424436084695	3.12502864837278	0	0	0	0.442152810235952	0	0	0	0	0	0	0	0
TCGA-JW-A69B-01A-11D-A32I-09	25.2264141716585	6.10699126500391	0	0	0	0	0	0	1.90961833856905	0	0	0.690514986405148	0	20.0581679264881	0	0	0	0	0	0	0	0	7.13202826132651	0	0	0	0	0	0
TCGA-JW-A852-01A-11D-A351-09	50.1198744970192	18.172498281058	0	0	5.554435236886	13.8009520888712	0	0	3.98714367375607	0	0	11.7056984296229	0	0	0	0	0	0	0	0	0.0370330986026839	0	3.74914242661009	0	0	0	0	0	0
TCGA-JW-AAVH-01A-11D-A387-09	45.3159485533162	30.8489089103246	0	0	11.8813704740981	5.92569785516055	0	0	0.541724468325032	0	0	18.6089265175279	0	15.4093612323333	0	0	1.30774446206843	0	0	0	0	0	0	0	0	0	0	2.76659618896621	0
TCGA-JX-A3PZ-01A-11D-A21Q-09	20.2415304043079	6.73237983797219	0	0	0	0.240834156208356	0	0	10.6448949207654	0	0	16.589624800668	0	0	0	2.00582672579155	0	0	0.921302414374559	0	0	0	6.65281552989598	0	0	0	0	0	0
TCGA-JX-A3Q0-01A-11D-A21Q-09	68.7035104186773	391.714468767369	0	0	0	148.804602307679	0	0	46.4245897609777	0	0	242.149300972052	0	0	0	0.436569225403686	0	0	0	0	0	0	0	0	0	0	0	0	0
TCGA-JX-A3Q8-01A-11D-A21Q-09	17.8249917083582	5.88206539740735	3.2848628697272	0	0	3.15433066959123	0	0	3.69481550666105	0	0.52281113113335	6.73646254619015	0	8.52586928115835	0	0	0.516229874957282	8.59366493523922	0.87175795372367	0	0	0	0	0	0	0	0	0	0
TCGA-JX-A5QV-01A-22D-A28B-09	46.2141540170535	5.14592113684395	0	0	0	5.84661385733451	0	0	1.4949401853386	0	0	1.62849164209262	0	0	0	0	0	0	0	0	0	0	0	0	0	0	0	0	0
TCGA-LP-A4AU-01A-32D-A243-09	7.07114899438402	20.7432278788155	0	0	15.1582984929617	5.25605386437346	0	0	1.1783613797229	0	0	3.36208303961672	0	3.60614262654047	0	0	0	0	0	0	0	0	0	0	0	0	1.49556231211935	0	0
TCGA-LP-A4AW-01A-11D-A243-09	20.4322488615929	0	40.0268164580792	2.86456982193742	19.0124790050958	1.82687398299265	0	0	6.11668029431803	0	0	22.5946262454484	4.43101023656815	0.286985594213235	0	0	0	0	0	0	0	0	0	0	0	3.37043673783835	0	1.35749673449533	0
TCGA-LP-A5U2-01A-11D-A28B-09	16.7544258073725	50.3142707709638	0	0	0	22.6796284034334	0	0	3.65934161924572	0	0	140.456636789582	0	9.54845611282257	0	0	0	0	0	0	0	0	0	0	0	0	0	0	0
TCGA-LP-A5U3-01A-11D-A28B-09	14.1467277168306	12.5380252502276	0	0	0	1.32189977770521	0	0	0.334971566662388	0	0	5.35775971148972	0	6.07834985501022	0	0	0	0	0	0	2.86896286708581	0	0	0	1.33134678273046	0	0	2.1237194662045	0
TCGA-LP-A7HU-01A-11D-A33O-09	53.5897232597302	35.6389489024294	0	0	14.870251080891	10.1947190033258	0	0	12.433155450709	0	0	46.6986615865685	0	6.54568191968442	0	0	0	0	0	0	1.72493904528782	0	9.65998429463198	0	0	0	0.341804975822209	0	0
TCGA-MA-AA3W-01A-11D-A387-09	49.0024633482589	5.7254909199872	0	0	0	0	0	0	3.66297994790918	0	0	4.65359585223456	0	11.1954877845846	0	0	0	0	0	0	0	0	0	0	0	0	3.22591422620583	0	0
TCGA-MA-AA3X-01A-22D-A42O-09	33.073850580948	14.1475081478474	0	0	0	2.53130407165263	0	0	6.00623792437832	6.14009744335278	0	4.94611843205263	0	0	0	8.62500861070958	0	0	0	2.44395251068613	1.11266467870027	0	0	0	0	0	0	0	0
TCGA-MA-AA3Y-01A-11D-A387-09	36.0008970274826	43.9046883586956	0	0	1.61168095569767	21.7702224446994	0	0	10.1375873299629	0	0	93.9139071855648	0	0	0	0	0	0	0	0	0	0	0	0	0	0	0	0	0
TCGA-MA-AA3Z-01A-11D-A387-09	32.9917413911222	84.2166589956596	0	0	0	20.8213138316976	0	0	11.785402134884	0	0	65.685557913823	0	0	0	0	0	0	0.0652522384149629	0	0	0	1.97689480056487	0	0	0	0	0	0
TCGA-MA-AA41-01A-11D-A387-09	39.9770352154179	169.061902542458	0	0	12.7885174099417	40.5124210423185	0	0	41.2073827292937	0	0	315.749000630897	0	3.48651162813591	0	0	0	0	0	0	0	0	0	0	0	0.16584657776228	0	0	0
TCGA-MA-AA42-01A-12D-A387-09	237.493136449928	35.2634808683188	0	0	103.572056103893	0	0	0	0	0	0	54.5909485491254	0	168.508677779952	0	0	0	0	0	0	0	0	0	0	0	0	0	0	0
TCGA-MA-AA43-01A-11D-A42O-09	38.6611803678806	11.9848329028361	0	0	12.6733253812786	5.80655289792344	0	0	5.16555083326141	0	0	0	0	5.04872511969671	0	0	2.62951142955055	0	0	0	3.76313960838209	0	0	0	0	0.577025764356727	0	0	0
TCGA-MU-A5YI-01A-11D-A32I-09	49.0266488904006	5.91294015455751	0	0	0	2.96006401139804	0	0	2.95394262827426	0	0	16.769115511803	0	0	0	0	0	0	0	0	0	0	18.1324510269067	0	0	0	0	0	0
TCGA-MU-A8JM-01A-11D-A36J-09	21.9879510349644	32.4742758387308	0	0	8.92126252152383	10.4395649465023	0	0	10.9606081747004	0	0	19.5211545572201	0	7.50754231921734	0	0	0	0	0	0	0	0	0	0	0	0	0	12.8161034102677	0
TCGA-MY-A913-01A-11D-A37N-09	25.16328627554	38.3716320155544	0	0	0	10.6345198979149	0	0	22.1222327005735	0	0	119.183811503267	0	0	0	0	0	0	0	0	0	0	1.96376204166513	0	0	0	0	0	0
TCGA-PN-A8MA-01A-11D-A36J-09	89.7584453837969	29.4349996814914	0	0	0	5.81616473422262	0	0	7.68670221842899	0	0	49.3272093287484	0	3.58207962505068	0	0	0	0	0	0	1.59827038186758	0	1.35793697432785	0	0	0	0	0	0
TCGA-Q1-A5R1-01A-11D-A28B-09	33.6876139937791	22.0712890272256	3.73276263785929	0	2.52464617416105	0	0	0	0	3.94269488497084	0	8.42891620063466	0	0	0	0.0472576668566163	0	0.138983831672206	0	0	0.0769399584460794	0	0	0	0	0	0	0	0
TCGA-Q1-A5R2-01A-11D-A28B-09	65.4954921942907	129.606461909762	0	0	33.6415551285853	55.0672322623942	0	0	15.9533951597044	0	0	186.407947060105	0	0	0	4.61356789303485	0	0	0	0	0	0	0	0	0	0	0	0	0
TCGA-Q1-A5R3-01A-11D-A28B-09	19.6547123737271	9.04020424197665	0	0	10.5141840105124	0	0	0	6.45069110256908	0	0	9.45517745515	0	0	0	0	0	0	2.70747099012659	0	2.52064262001937	0	5.62581841610979	0	0	0	0	0	0
TCGA-Q1-A6DV-01A-11D-A32I-09	10.6672718065059	3.20841062196879	0	0	12.9618967524785	0	0	0	0	0	0	0.909534794030062	0	7.85361975999057	0	2.2409636993404	0	0	0	0	0.814365621876804	0	0	0	0	0	0	0.511824570194214	0
TCGA-Q1-A6DW-01A-11D-A32I-09	45.1447097260408	21.6896926091845	0	0	0	7.59758252081715	0	0	18.0921779567213	0	0	22.8382260894717	0	0	0	0	0	0	2.90311453299098	0.848526841204549	1.35268138234416	0	0	0	0	0	0	0	0
TCGA-Q1-A73P-01A-11D-A32I-09	45.8481707733634	70.4401110973614	0	0	0	45.1710359396647	0	0	47.598110966249	0	0	113.917415198561	0	0	0	0	0	0	0	0	0	0	7.13240649475036	0	0	0	0	0	0
TCGA-Q1-A73Q-01A-21D-A32I-09	14.1673835178666	12.2352357580273	0	0	5.96064263327765	4.90985193970543	0	0	0	0	0	14.6665740797677	0	0	0	1.10217445440801	4.31334407695276	14.1519552552639	0	2.45802994142271	0	0	6.33096592023497	0	0	0	0	0	0
TCGA-Q1-A73R-01A-11D-A33O-09	41.1589771234544	1.87145721139975	3.47566705236978	0	4.12079366757835	2.54047284153331	2.5557783053038	0	0.439597657448067	0.192958766446979	0	0.525812191928317	0	0	0	0	0	0	0	0	0.14586756304704	0	0.486445815987566	0	0	0.381040314039878	0	0	0
TCGA-Q1-A73S-01A-11D-A33O-09	14.6184096808012	0	3.31001110791519	0	1.77622863952065	0	0	0	1.53295740650414	0	0	2.10978638576653	0	0	0	0	2.51284732081119	0	0	0	1.72430852468964	0	0	0	0	0	0	8.28063106146213	0
TCGA-R2-A69V-01A-11D-A32I-09	7.9195002472213	3.33333297446758	20.6673812843595	0	6.02390822022483	0	0	0	0	0	0	41.4345580681005	0	11.8327459359428	0	2.59678091011321	0	0	0	5.05301898005986	0	0	11.2805716678655	0	0	1.06928023001455	0	0	0
TCGA-RA-A741-01A-11D-A33O-09	0	12.1513191442358	0	17.4252770068652	3.38931604511346	9.3816092662261	0	0	0	0	0	5.50917915145088	10.0704549861772	0	0	0	0	0	5.96928109034372	0	0	0	0	0	0	0	0	5.89519241687487	0
TCGA-VS-A8EB-01A-11D-A36J-09	28.3745995359409	19.1103683459567	0	0	9.58275479506771	14.2441585561191	0	0	0	0	0	13.5225094401528	0	8.59797519092302	0	0	0	0	0	0	0.238866691770226	0	0	0	0	0	0	0	0
TCGA-VS-A8EC-01A-11D-A36J-09	58.246118698878	10.6598542937104	0	0	18.039072456132	28.6416642406527	0	0	15.7789162966025	0	0	10.7288833172422	0	0	0	0	0	0	0	0	3.12797043135719	0	0	0	0	0	0	10.5950503882932	0
TCGA-VS-A8EG-01A-11D-A36J-09	46.5892645429147	1.4636035661939	0	0	0	0.503934758195115	0	0	0	0	0	1.13019761733875	0	0	0	2.08486933197222	0	0	0	0	0	0	0	0	0	0	0	0	0
TCGA-VS-A8EI-01A-11D-A37N-09	14.6803653003512	13.6643737421998	9.96994367553756	0	4.83435271466478	13.9444092656626	0	0	1.0835374221462	0	0	58.3258444116848	0	16.5469155291716	0	0	1.91576929800421	0	0	0	0	0.033077598247926	0	0	0	0	0	2.47054572749436	5.31719549496883
TCGA-VS-A8EJ-01A-11D-A37N-09	31.2106225303685	15.3679490220908	56.9781245237445	1.25637574667947	0	3.03738706376259	0	0	1.59719298067097	0	0	14.2284075899458	17.9466315928992	0	0	0.0234583027949737	0	0	0	0	8.29507194347733	0	2.13151261639443	0	0	0	0	10.1473179336169	0
TCGA-VS-A8EK-01A-12D-A37N-09	22.1558986487015	68.6833275694599	43.8446217877049	0	13.1266303745631	17.1659572870412	0	0	24.9530412826148	0	0	44.2398838988288	0	0	0	0	3.47893459652992	0	0	0	0	0	23.4823303476664	0	0	0	0	0.281531227225595	0
TCGA-VS-A8EL-01A-11D-A37N-09	47.9105061995232	141.597034224919	0	0	6.09293208058161	56.1943532469219	0	0	21.3707461530228	0	0	124.979679965409	0	0	0	0	0	0	0	0	0	0	0	0	0	0	0	0	0
TCGA-VS-A8Q8-01A-11D-A37N-09	0.527482684600264	19.9081163013878	0	0	18.2698957681755	10.3826864157223	0	0	13.6293419188973	0	0	38.0940996191845	0	0	0	0	0	0	0	0	0.617419954306726	0	0	0	0	0	0	0	0
TCGA-VS-A8Q9-01A-12D-A37N-09	21.3940933321411	9.48948124087889	0	0.250436701012776	8.80754882905492	4.43655137243294	0	0	3.98834125949261	0	0	0.440147247734533	0	0	0	0	0	0	0	0	0.57010784929907	0	0	0	0	0	0.955329893966008	0	0
TCGA-VS-A8QA-01A-11D-A37N-09	52.2352376495022	46.4700774355661	0	0	0	47.823669741283	0	0	29.4818814046373	0	0	46.6267364348978	0	17.1985226033339	0	0	0	0	0	0	0	0	0	0	0	0	0	0	0
TCGA-VS-A8QC-01A-11D-A37N-09	36.0702246618973	30.9545907057594	13.9829611708786	13.3898744629057	0	0	0	0	1.03841046047973	0	0	58.5585323462854	0	0	0	0	2.7425763707658	0	0	0	0	1.759988638029	0	0	0	0	0	6.03714738571598	2.24790347981236
TCGA-VS-A8QF-01A-21D-A37N-09	37.8783859636953	8.78293363140422	0	0	15.8867857480056	5.09749721545531	0	0	5.67144739532355	0	0	43.0534203254247	0	0	21.168810446191	0	0	0	0	0	0	0	0	0	0.689427441918667	0	0	0	0
TCGA-VS-A8QH-01A-11D-A37N-09	56.1178068751422	0	36.0865120558089	0	0	0	1.01198883056654	3.08268852707771	1.059975593734	0	0	4.76445276178383	0	10.1055234859114	17.2496283371156	0	20.6398737222491	0	0	0	1.85607471785031	0	0	0	0	0	2.80531257091979	0	0
TCGA-VS-A8QM-01A-11D-A37N-09	28.8603624957533	30.7781374832263	0	0	0	15.6564252248774	0	0	3.70100311497259	0	0	35.1479727044724	0	0	0	0.206224126883522	0	0	5.39765136187028	1.26240848341065	2.03847636438217	0	0	0	0	0	0	0	0
TCGA-VS-A94W-01A-12D-A37N-09	49.3200022915627	16.1979768055445	0	0	0	4.58966450013966	0	0	8.57418636770975	0	0	14.3252554921605	0	8.68323596950075	0	0	0	0	0	0	2.0971080006606	0	0	0	0	0	0	0	0
TCGA-VS-A94Y-01A-11D-A387-09	21.617180139186	1.96230460016363	0	0	0	6.65757477581226	0	0	0	0	0	2.67958927074948	0	6.52464499784985	0	0	3.85750480358975	0	0	0	2.68098171252939	0	4.44550936366877	0	0	0	0	1.14177813581552	0
TCGA-VS-A94Z-01A-11D-A387-09	118.830391164451	42.6038939301512	0	0	123.160876830856	7.87123480477921	0	0	14.1694006072045	0	0	132.580382414396	0	406.6250256951	0	0	0	0	0	0	0	0	0	0	0	0	0	0	0
TCGA-VS-A950-01A-11D-A42O-09	40.2337362602553	14.8282836315068	0	0	0	12.7247383261315	0	0	2.2174827928249	0	0	30.5908552891603	0	0.528582475811508	0	0	0	0	0	1.41100101733944	1.35547771049073	0	1.61716696175349	0	0	0.0217721602237204	0	11.056292397892	0
TCGA-VS-A952-01A-11D-A387-09	63.7831692978729	39.5070332155886	0	0	4.71717433546676	15.2009064706542	0	0	18.09442378197	0	0	19.1248194701818	0	0	0	0	0	0	0	0	1.08337381685123	0	0.10164080816324	0	0	0.196269352534383	0	0	0
TCGA-VS-A953-01A-11D-A387-09	48.0798492801064	114.452861116048	28.3760285282748	0	10.0202079520521	36.9216296942092	0	0	16.8837215886519	0	0	193.929155248405	0	0	0	0	0	0	0	0	0	0	0	0	0	0.149487828676485	0	0	0
TCGA-VS-A954-01A-11D-A387-09	26.6526024559002	19.5223542141812	0	0	14.1689538039806	7.54297493359058	0	0	10.1003820545597	0	0	17.8396818605808	0	0	0	0	2.14387738575927	0	0	0	0	0	0	0	0	0	0	0	0
TCGA-VS-A957-01A-11D-A42O-09	41.2455048293756	0.256286429630143	0	0	0	8.97692127612111	0	0	2.30498095544535	0	0	2.11431826524555	0	12.9203716101274	0	0	0	0	0	0	0	0	1.50956135240879	0	0	0	0	5.44081202691606	0
TCGA-VS-A959-01A-11D-A42O-09	90.8950181928082	133.917444296615	0	0	0	38.4863115417942	0	0	45.3346489767674	0	0	27.7409565727005	0	0	0	0	0	0	0	0	0	0	0	0	0	0	0	0	0
TCGA-VS-A9U5-01A-11D-A42O-09	52.7831230359606	3.82675537342446	0	0	10.9110484668913	5.23485540470762	0	0	0	0	0	11.0103428132554	0	3.70539685394471	0	0.812707447536194	8.6400396054899	0	0	0	0	0	0	0	0	0	2.96082654189974	6.11856325683973	0
TCGA-VS-A9U6-01A-11D-A42O-09	25.9599867356672	39.3046746879453	0	28.1403913209329	284.46563415279	23.7003446313957	0	0	0	0	0	48.1632534370885	0	23.8107728867632	0	6.42204090915156	12.0328163586417	0	0	0	0	0	0	0	0	0	0	0	0
TCGA-VS-A9U7-01A-11D-A42O-09	13.6827616012756	62.7883407567003	0	0	7.87819941566253	20.904346423388	0	0	5.83511103031643	0	0	92.5919023579458	0	0	0	0	0	0	0	0	0	0	8.39557413782841	0	0	0	0	0	0
TCGA-VS-A9UB-01A-22D-A42O-09	26.8450632620789	7.65533550125929	0	10.4548995865288	31.8088931169717	0	0	0	0	0	5.50698270474701	11.0581724587215	0	0	0	0	0	0	0	0	20.7612467903021	0	0	0	6.62542475509713	0	0	0	0
TCGA-VS-A9UC-01A-11D-A42O-09	28.1764879489102	57.8479070003755	0	0	0	34.9286653668371	0	0	7.6864431087781	0	0	82.5374881704371	0	0	0	0	0	0	0	0	0.000658333918014438	0	0	0	0	0.368569064495827	0	0	0
TCGA-VS-A9UD-01A-11D-A42O-09	145.093268108111	32.1149495071065	0	0	0	8.57475593890007	0	0	9.63939992958011	0	0	34.7411429471828	0	0	0	0	0	0	0	0	0	0	0	0	0	0	0	0	0
TCGA-VS-A9UL-01A-11D-A42O-09	67.7794753754583	26.6630777966886	0	0	11.3011414012397	21.0220252860705	0	0	13.4148556661135	0	0	15.0079358027782	0	0	0	0	0	0	0	0	0.093110833956939	0	3.03294617753861	0	0	0	0	0	0
TCGA-VS-A9UM-01A-11D-A42O-09	18.808421533367	15.8135395044886	0	0	3.18183887082352	1.08857698751732	0	0	8.01665651448448	0	0.182119210157122	10.1325259687115	0	0	0	0	0	0	0	2.85795370096502	4.03141897713503	0	10.6514854282877	0	0	0	0	0	0
TCGA-VS-A9UP-01A-11D-A42O-09	38.1540068612732	43.7317349986834	0	4.37209151509316	19.0204082342426	23.0221725650458	0	0	1.76497625962526	0	0	75.016559363722	0	0	0	0	3.6787238831755	0	0	0	0	0	20.1116775160205	0	0	0	0	0	0
TCGA-VS-A9UQ-01A-21D-A42O-09	1.60493706548398	6.34287785084024	0	0	13.8085036907482	0	0	0	2.17361561697322	0	7.407181862144	0.0659253870816808	0	0	0	0	0	0	0	0	0.203805373414893	0	1.91229312133345	0	0	0	0	4.0901512470879	0
TCGA-VS-A9UR-01A-11D-A42O-09	52.8085701000397	31.9166351758198	0	0	0.463606355992647	15.3579535473281	0	0	0	0	0	37.5178314768214	0	0	0	0	10.5215295022431	0	2.80076316602028	0	0	0	0.666098452892523	0	0	0	0	1.36013222209298	0
TCGA-VS-A9UT-01A-11D-A42O-09	23.8150442239436	2.34039582573209	0	0	0	0	0	0	0.83137170822972	0	0	0	0	3.59792739788185	0	0	0.095179741028834	0	0	2.0489564880068	2.56389667005631	0	0.381096715653517	0	0.938195788881689	0	0	0	0
TCGA-VS-A9UU-01A-11D-A42O-09	46.1065279222306	3.38193821641975	0	0	0	8.02948938598768	0	0	5.15138981059907	0	0	3.00692703147323	0	17.2108067869633	0	0.607060024346521	0	0	0	0	0	0	0	0	0	0	0	0	0
TCGA-VS-A9UZ-01A-11D-A42O-09	45.0171270016703	85.196911464347	0	0	17.8981059241512	27.1638317859026	0	0	8.45351953663241	0	0	43.1184732673038	0	0	0	1.86557166108789	0	0	0	0	0	0	0	0	0	0	0	0	0
TCGA-VS-A9V0-01A-11D-A42O-09	7.92459025498763	0	0	0	0	8.25531621910137	4.73919563295595	0	4.9195140986693	0	0	7.13569851179657	0	7.0767849740869	0	0	0	0	0	0	1.43682217162986	0	0	0	1.17427625405951	0	3.91760312531563	3.74006462689624	0
TCGA-VS-A9V1-01A-11D-A42O-09	8.47437639255609	17.0542742671333	40.7975597921785	9.02847690084824	22.1045799700575	15.0122169823176	0	0	2.59813468520374	0	0	69.9634349561977	0.791489352375224	6.37879827557252	0	0	0	0	0	0	0	0	0	0	0	0	0	8.04904840576013	0
TCGA-VS-A9V2-01A-11D-A42O-09	22.7564388063315	0	0	0	6.55440013676535	0	0	0	6.03943809773392	0	0	8.13662319025737	0	4.27364534353335	0	0	0	0	0	0	3.68727957398362	0	0	0	0	0	0	0	0
TCGA-VS-A9V3-01A-11D-A42O-09	46.8368567379636	51.5806521038221	0	0	0	19.316919047927	0	0	45.0570198405083	0	0	49.428040750014	0	0	0	0	0	0	0	0	0	0	1.56154724671847	0	0	0	0	0	0
TCGA-VS-A9V4-01A-12D-A42O-09	90.6064454422529	0.494463470999506	0	0	0	0	0	0	4.80286720940832	0	0	6.87468337940641	0	5.58461353766355	0	36.0500843113035	0	0	0	0	0	0	0	0	0	0	0	0	0
TCGA-VS-A9V5-01A-11D-A42O-09	39.1645417585332	31.0381094079483	0	0	19.2672259060375	40.9220121045219	0.289415671635461	0	10.6023480737957	0	0	18.74404466817	0	1.40867376410692	0	3.8857185530807	3.34437551500056	0	0	0	1.90806215937772	0	2.65771263597019	0	0	0	0	0	0
TCGA-VS-AA62-01A-11D-A42O-09	9.40264507478497	18.0393779173951	0	0	3.60865958948885	5.29605999686437	0	0	5.40067332468499	0	0	80.2771606882895	0	3.81975993426365	0	0	0	5.33919248179799	0	0	0	0	0	0	0	0	0	0	0
TCGA-WL-A834-01A-11D-A351-09	50.6728607163306	3.48883330221805	0	0	13.7964967901299	4.71442076364855	0	0	2.83277229394645	0	0	21.899227923369	0	0	0	0	7.69016837203846	0	0	0	0	0	0.0570473273583621	0	0	0	0	1.39133042948349	0
TCGA-XS-A8TJ-01A-11D-A36J-09	77.7144473285607	30.1292769958351	0	0	0	2.68118999132032	0	0	0	0	0	2.70347090437117	0	0	0	0	0	0	0	0.843319478727085	0	0	0	0	0	0.0557264289808855	0	0	0
TCGA-ZJ-AAX4-01A-11D-A42O-09	36.2376359271662	8.19876667299763	0	0	0	0.484683317671581	0	0	3.19242487929245	0	0	0	0	0	0	0	0.962246645507981	0	0	0	1.46001829354106	0	0	9.61807089916804	0	0	0.904670156361424	4.0123719085111	0
TCGA-ZJ-AAXA-01A-11D-A42O-09	13.3443779802597	22.4171087875152	0	0	7.34908915607761	2.317899729474	6.86080033870722	0	7.3646056310271	0	0	15.2331970269981	0	0	0	0	0	0	0	1.45028398901807	0	0	0.101694080620346	0	0	0	0	0	0
TCGA-ZJ-AAXB-01A-11D-A42O-09	33.6520891169127	22.723426786326	21.1366293197625	21.0364101890146	0	17.9305700652903	0	0	11.289042126475	0	0	28.5249900655446	0	0	0	1.7296969558985	0	0	0	1.98355849789607	2.06779718202206	0	0	0	0	0	0	0	0
TCGA-ZJ-AAXN-01A-11D-A42O-09	11.7968321274187	23.9471105157484	0	0	9.31599815784822	0	0	0	8.11556669804006	0	0	4.0209160478972	0	4.6695280559466	0	2.11497073612145	0	0	0	0	0	0	7.27091864368402	0	0	0	0	0	0
TCGA-ZJ-AAXT-01A-11D-A42O-09	32.9000720347232	66.233718417029	0	0	0	9.25420329656625	0	0	16.9062263997262	0	0	69.6854038654696	0	9.18499448518185	0	2.10538031954098	0	0	0	0	0.795944880843361	0	0	0	0	0	0	0	0
TCGA-ZJ-AAXU-01A-11D-A42O-09	30.0768802074362	197.593016699035	0	0	0	36.5420416670823	0	0	14.8860602167413	0	0	182.29366127081	0	0	0	0	0	0	4.18158568011445	0.243432971381345	0	0	0	0	0	0.258038273117019	0	0	0
TCGA-ZJ-AB0I-01A-11D-A42O-09	8.17042765928201	0	59.6187960315984	0	22.1095472679991	0	0	0	0	0	0	19.2991094267889	0	4.66601059416818	0	1.89610000441881	0	3.19096353474892	0	0	0	0	3.44089071318543	0	0	0	0	0	0
TCGA-ZX-AA5X-01A-11D-A42O-09	43.233134657714	5.26257758485789	0	0	20.4155874685526	5.83013484436413	0	0	0	0	0	0.284090482342935	0	0	0	0	0	0	0	1.34270686750929	0.140807801885903	0	0	0	0	0	0	0	0
