Sample	Signature.1	Signature.2	Signature.3	Signature.4	Signature.6	Signature.7	Signature.8	Signature.9	Signature.10	Signature.11	Signature.12	Signature.13	Signature.14	Signature.15	Signature.16	Signature.17	Signature.18	Signature.19	Signature.20	Signature.21	Signature.22	Signature.23	Signature.24	Signature.25	Signature.26	Signature.27	Signature.28	Signature.29	Signature.30
TCGA-3X-AAVB-01A-31D-A417-09	1.09551975029213	1.99634627476672	0	3.05762977658269	14.5592418580556	0	10.5252992075787	0	0	0	0	1.43785877238896	0	0.34039746841152	0	0.768298865720983	0	0	0	0	0	0	0	0	0	0	0	10.4579964189457	0
TCGA-3X-AAVC-01A-21D-A417-09	24.5046450718523	0	6.89248100238617	0	0.226626949313363	1.48592482505188	0	0	0.0316138360372886	0	0	0.360930333113333	0	0	4.78537548271336	0.543823602913646	0	0	10.6800582713145	4.63685433777427	0	0	1.73489489044623	0	0	0.323194923111863	0	0	0
TCGA-3X-AAVE-01A-11D-A417-09	7.46786216048178	2.3211578484803	0	0	23.2051686655213	0	0	0	0	0	0	0.364842913028908	0	0	19.2414875769045	0	0	0	0	0	0	0	0	0	0	1.14728372564876	0	0	0
TCGA-4G-AAZO-01A-12D-A417-09	0	1.88825111478701	3.56887580701114	0.668477608538791	0	0	0.760592569683636	0	0	0	8.13671796320966	0	0	0	1.80444972772433	0	0	0	5.78285981396425	0	2.83661088942666	0	0	0	0	0	0	10.3877885139479	8.40551095125389
TCGA-4G-AAZT-01A-11D-A417-09	13.366355385416	1.04571962601969	4.86780782485361	0	0	0	2.42109208400549	4.99395324975504	2.4641464103233	0	0	0.192865573132719	0	10.6927225721599	16.1067215413208	0	0	0	0	0	2.8967849073016	1.07661286628596	1.37397949782989	0	0	0	0	0	0
TCGA-W5-AA2G-01A-11D-A417-09	9.20453554345774	0	0	0	6.47870711219937	2.31455348593365	1.23175657602863	8.32087318197821	8.17425939002039	0	0	0	0	0	0	0.491571725470609	0	0	0	0	3.24844884126537	0	0	0	0	1.61613808928146	0	14.5975034229667	0
TCGA-W5-AA2H-01A-31D-A417-09	0	0	0	0	0	0	0	0	0.587385545980296	0	0	0	0	4.04850520133625	2.36692727643336	0	2.25865230769937	0	2.68214986626285	0	0	2.13138930635742	0	0	0	0.257302086116908	0	0	0
TCGA-W5-AA2I-01A-32D-A417-09	16.2844319832459	0.749046745127334	0	0	1.43891503387773	7.65704045622793	0	4.35507025188112	0.923321756132091	0	0	1.20163463862193	0	11.2878035645077	0.573325650131031	0	0	0	0	0	0	0	0	4.92294128904999	0.0525358551605708	0	2.33245366092248	0	0
TCGA-W5-AA2O-01A-11D-A417-09	0.789979492995735	2.71740205628497	0	0	5.24836712121342	0	1.38999647261491	0	3.45970846117847	0	0	0	0	0	0	3.21256426449754	3.01279980742777	0	0	0	0	0	0	8.64596530931819	0	0	0	0.487198079414908	4.00332218282133
TCGA-W5-AA2Q-01A-11D-A417-09	4.92601650253694	2.13657074562284	0	0	0	0	1.36114150453609	0	0	4.14558277805881	0	0	11.7515151745575	2.07680321471047	0	0.742066789569286	1.34276363658362	0	0	0	0	0	0	10.8465222217775	0	0	4.80586090105325	8.84706327547638	0
TCGA-W5-AA2R-01A-11D-A417-09	0	0	14.1074767016294	0	3.93380574441018	0	0	0	0	0	0	0	0	6.69415197643877	0	0	2.46374096536287	0	0	1.52051660585926	0	4.38333249018621	0.914621591732979	0	0	0	0	0	0
TCGA-W5-AA2T-01A-12D-A417-09	17.0332659729418	7.99741613064542	6.50255579374948	0	1.11757881351497	0	0	0	0	0	0	1.9771335034637	0.154582874943585	2.20851152820768	0	0	0	0	0	4.0545241830773	0	2.33943608371722	0	0	0	2.56485811128237	2.27855790028108	0	0
TCGA-W5-AA2U-01A-11D-A417-09	18.1802658017935	0	7.70050864591566	0	15.3853661273733	14.2748906355912	4.73710139596722	0	1.4113739127389	0	0	0	0	0	0	0.941204526614818	8.12664655702145	0	0	3.15689924273454	5.21233777539629	0	16.7231887742804	0	0	0	0	0	0
TCGA-W5-AA2W-01A-11D-A417-09	8.66212218754681	0	0	0	0	0	5.9714478425618	0	0	7.6888224804619	0	2.11024460317324	0	0	6.94635385853055	1.65871635719994	0	0	0	0	0	0	0	0	0	0	0	1.51510659693195	0
TCGA-W5-AA2X-01A-11D-A417-09	6.29246041257742	1.65211889053393	0	24.2969140249782	1.01540222474208	0	0	0	0	0	0	0	0	20.3519645973488	0	0	0.671621486932885	0	8.29043446018759	0	0.180477473023774	0.0891934434372494	0	0	0	0	0	0	1.35405039926689
TCGA-W5-AA2Z-01A-11D-A417-09	2.40532092582446	0	5.03123548663264	3.32419429491741	10.9554506504235	0	0	0	0	1.88261720974365	0	2.95465343151901	0	0	0	0	2.63983470715171	0	0	0.109254368054797	0	0	1.66580932938658	0	0	0	0	0	0
TCGA-W5-AA30-01A-31D-A417-09	16.4551044497109	0	15.5623197076487	3.01135114901373	0	5.39321510190514	0	3.11590165755283	0.048677996716993	6.06271823938849	0	2.30912888896144	0	0	0	2.20063238634627	0	0	0	7.62567998087499	4.02515721016418	0	0	0	3.20124468107679	0	0	0	0
TCGA-W5-AA31-01A-11D-A417-09	0	0.663094056460926	1.24350696898056	7.7956029120811	3.36774927296931	5.73001686807076	0	0	0	0	3.51316813834647	0.878142693289258	0	6.6345177010708	5.04664889943607	0	1.33816917262589	0	0.391510472922686	0	0	0	1.710358658305	0	0	0.466194297483594	1.72886373440349	6.23678324214314	4.10873625543489
TCGA-W5-AA33-01A-11D-A417-09	15.0174703647048	0.0395965586040809	0	0	0	0.235207226150608	0	0	0	0	0	0	0	6.17452400479892	0	0	8.14532586861742	0	0	0.58808254268089	0.207677946850392	2.13036167763565	0	0	0	0	0	3.70266130090604	2.06750353126218
TCGA-W5-AA34-01A-11D-A417-09	10.4824390853546	0	5.88236167232234	0	0	0	13.7956123007315	0	0	0	0	0	0	3.54051491844334	0	0	0	7.37982935631561	0	0	3.32344330573947	0	3.33147147915748	0	0	0	1.01195307900806	1.71201765319336	0
TCGA-W5-AA36-01A-11D-A417-09	9.94471218014825	0.457563711839898	2.50254014360528	0	0	0	4.29807558115884	0	1.84774812272811	0	0	1.32978220993509	0	3.11793425528496	0	0	21.2102084496819	0	0	1.35449970636015	0	1.08090294774369	0	0	0	0.200337004710317	0	0	10.3522772291054
TCGA-W5-AA38-01A-11D-A417-09	7.48200065516489	0	0.564553312723891	8.49642219756613	0	7.69869384706493	0	0	4.35520684695625	0	0	2.46922012192584	0	0	0	0.784163134381871	0	0	11.1376215635546	0	0	0	0	0	0	0	0	0	0
TCGA-W5-AA39-01A-11D-A417-09	0	1.47608408654579	77.6314679628114	68.4216062691497	20.4896877424154	0	0	88.748735059346	0	23.3257132068783	85.3389225839744	12.1330397093811	0	2.64001350858601	6.05124973128699	160.161352815839	0	0	0	0	48.3449583197698	15.7950294454023	11.5824012008208	0	39.3771222191227	0	253.836729141045	0	0.782106309662613
TCGA-W6-AA0S-01A-11D-A417-09	10.6293579459883	0	0	7.22912354274604	2.70836485985176	6.76326866232268	0	0	0	0	0	2.31268972524052	2.31500645142107	0.723346632628826	3.91942768785031	0	0.53497907007489	0	0	0	0	2.04500128424087	0	0	0	0	0	0	0.586134279028546
TCGA-WD-A7RX-01A-12D-A417-09	4.34291852829722	0.287265501386025	0	5.05971556838457	0	0	0	4.91386948388995	2.37231455471313	4.0030089436991	0	0	1.44412768196061	0	12.7945432168852	0	0	5.75263531773572	0	0	0	0	0	0	0	3.76406282035262	0	0	0
TCGA-YR-A95A-01A-12D-A417-09	12.3779566018073	0.453303888964413	0	3.44914703081249	2.98379268737739	0	0	0	6.34837666641148	0	0	0	0	5.21737801211973	0	0	2.41556368808033	0	1.92209769284192	2.64743635832109	0	0.700192439614459	0	0	0	0	0	0.81593975522023	0
TCGA-ZD-A8I3-01A-11D-A417-09	5.17907291213536	0	0	0	0	0.00945337487616061	12.1311036148748	0	0	0	2.37095509010798	4.13472499204564	0	12.2802942942268	0	0.993164322758295	1.13813424753345	0	0	0	0	0	0	0	0	0	0	0.450236427528068	0
TCGA-ZH-A8Y1-01A-11D-A417-09	5.72125731565945	0.437517932255926	7.60173513382295	0	0	1.93373713440321	12.0746660167841	0.0934718639442565	0	0.333324946749698	2.90476569634692	1.89386634023501	0	0	0	0.44964898028147	0	0	11.8543825547632	0	0	0	0	0	0	0	0	1.13773433629187	0
TCGA-ZH-A8Y2-01A-11D-A417-09	4.76732457529923	3.46089486913793	0	5.9470959170715	0	0	0	0	0	0	13.2052128815618	1.27862202413476	0	3.82573888294553	0	0	0	0	9.36308314712439	0	0	4.13529454285586	0	0	0	0	0	3.72316998157866	0
TCGA-ZH-A8Y4-01A-11D-A417-09	15.9127627015429	0	0	2.05674878692614	17.9163505311715	4.09277371251509	4.9129882185311	0	3.04537219963178	0	0	1.07271811252794	0	0.594517784337717	0	2.07069878960488	0	0	0	0	0	0	0	0	0	0	5.66162164032167	17.1917342948855	0
TCGA-ZH-A8Y5-01A-11D-A417-09	7.87234155670738	0	0	0	0	0	0	0	0.11665644695557	0	0	1.09346896876106	0	0	0	2.64144541147749	0	0	9.42353965035665	4.08340063063364	2.03074012782901	0	0	0	0.719165817955207	0	0.983523985905903	3.39453333004268	0
TCGA-ZH-A8Y6-01A-11D-A417-09	6.49537964658712	16.2542773328134	0	8.19233309393846	10.1716619966062	2.82286435048291	0	0	0	0	0	10.1976720814311	0	0	0	1.8490080742171	0	0.215719763646618	0	0	1.41415043137501	0	2.81614552890976	0	0	0	0	0	0
TCGA-ZH-A8Y8-01A-51D-A417-09	6.37398732730556	0	2.82723693544789	0	0	0	0	5.06702907046908	0	0	0	3.78136127984865	4.55161077105847	7.97655574110224	0	0	0	0	0	2.03671021732748	0.757391771443189	1.76719898895081	2.01702347131632	0	0	1.89293776637595	0	0	0
TCGA-ZU-A8S4-01A-11D-A417-09	0.573548405515351	0	22.234876311042	0	11.285760129835	0	0	0	0.886642008793827	0	0	0.439520912028244	0	10.5270900064124	1.22815912685757	0	4.48115233421273	0	0	1.3687337090094	0	3.51732137595205	0	0	0	0	2.78074456763069	0	0
