Sample	Signature.1	Signature.2	Signature.3	Signature.4	Signature.6	Signature.7	Signature.8	Signature.9	Signature.10	Signature.11	Signature.12	Signature.13	Signature.14	Signature.15	Signature.16	Signature.17	Signature.18	Signature.19	Signature.20	Signature.21	Signature.22	Signature.23	Signature.24	Signature.25	Signature.26	Signature.27	Signature.28	Signature.29
TCGA-3L-AA1B-01A-11D-A36X-10	101.394202191326	0	0	0	17.9196662172027	4.67172665116952	0	0	3.9543673682617	0	0	1.1185294745019	0	0	0	0	16.374583278325	0	0	0	0	0	0	0	0	0	0	0
TCGA-4N-A93T-01A-11D-A36X-10	53.2887167391705	0.133343809565627	0	0	0	1.4670649501366	0	0	9.23661470426789	0	0	1.10527312999677	0	0	0	0	0	0	11.8180668183315	0	0	2.07867816572981	7.30490759784432	0	0	0	0	16.2197851548456
TCGA-4T-AA8H-01A-11D-A40P-10	96.3776926166991	0	0	0.454992877506929	41.3947978571104	2.59512074126837	0	0	5.83894033119133	0	0	0	0	0	0	0	2.25734102678251	0	0	0	0	0	0	0	0	0	0	0
TCGA-5M-AATE-01A-11D-A40P-10	96.6796343457763	1.34982468862523	0	0	13.8295101116668	0	0	0	5.51531474059867	0	0	7.45980090237164	0	5.29475599974844	0	3.34856419540985	0	0	0	0	0.637114881744457	0	0	0	0	0.550125774147291	0	0
TCGA-A6-2671-01A-01D-1408-10	39.9491796267682	0	0	0	3.08889636806488	0.134596501346932	0	0	0	0	0	0.59536405178683	0	11.0329689617978	0	0	0	0	0	0	0	0	2.99693762905706	0	0	0.315158052358697	3.89227775863639	0
TCGA-A6-2674-01A-02D-A270-10	104.788597960735	0	0	0	0	0	0	0	1.9896499556942	0	0	14.3773095789126	0	20.7326917053363	0	4.85035379073559	1.51341351404303	0	0	0	0	0	0	0	0	0	3.91403181502338	0
TCGA-A6-2675-01A-02D-1719-10	98.3120194647832	1.45575638049489	0	0	0	0	0	0	0	0	0	0.0556740672522192	0	15.0789695377053	0	0	0	0	0	0	0	0	0	0	0	0	0	0
TCGA-A6-2677-01A-01D-A270-10	102.258311682312	0	0	0	20.7020354161093	1.0431600908259	0	0	5.1422312921626	0	0	1.38433531273564	0	0	0	0	6.62034272112577	0	0	0	0	0	0	0	0	0	2.88955156669498	4.06200565638032
TCGA-A6-2678-01A-01D-1953-10	14.1425598951665	0.668629411684093	0	0	12.0964419507192	0.471353792904411	0	0	2.46238335530446	0	0	0.181377811794543	0	0	0	0	0	0	0	0	0	0	1.41075497944999	0	0	0	0	0
TCGA-A6-2681-01A-01D-1408-10	115.913119162362	0	0	0	8.54059459893431	0	0	0	0	0	0	0	0	0	0	0.306614831183792	0	0	0	0	7.45153305406558	0	9.01036034472274	0	0	0	4.76556214210064	2.36140243762102
TCGA-A6-2683-01A-01D-1953-10	20.721057387753	0	0	0	15.5173567524321	0	0	0	0	0	0	0.842979822776736	0	0	0	1.82654698904593	0.0233834983128246	0	0	0	0.347907807806543	0	0	0	0	0	0	0
TCGA-A6-2684-01A-01D-A270-10	86.3588447827241	2.28704015324027	0	0	14.7880295514178	0	0	0	1.4195726114692	0	0	3.81209452625488	0	0	0	0	0	0	0	0	2.2661021445664	0	0	0	0	0	0	2.9929898368763
TCGA-A6-2685-01A-01D-1408-10	24.3533806900362	0	0	0	13.7899423991941	3.6482784198585	0	0	0.478495342833843	0	0	3.94160786670016	0	0	0	0	0	0	0	0	0.580677612850632	0	10.6280951093229	0	0	0	0	0
TCGA-A6-3807-01A-01W-0995-10	36.7973405474818	9.74878863885762	14.6673184987468	0	1.33316273329457	9.90641034546049	0	0	10.0445770152261	0	0	4.10678355802161	0	0	0	1.80160689271852	0	0	0	2.40183574946371	1.35499510070945	0	0	0	0	0	0	0
TCGA-A6-3808-01A-01W-0995-10	83.117463980672	2.47728124627303	0	0	17.3138011476271	8.71508348677555	0	0	0	0	0	0	0	29.3186937009896	0	3.1978721651278	0	0	0	0	0	0	0.471900268477651	0	0	0	5.27737585446641	2.18853891503012
TCGA-A6-3810-01A-01D-A270-10	145.196261929721	2.87631054742337	0	0	0.447431669616578	3.94614293999224	0	0	0	0	0	9.73366567046281	7.53155546666114	5.25300612243627	0	12.8847270110029	0	0	0	0	0.770514007033963	0	8.79071856686054	0	0	0	0	0
TCGA-A6-4105-01A-02D-1771-10	92.5585766352662	0	0	0	0	0	0	0	0	0	0	7.07101819583411	0	35.8324782412913	0	0	7.6070222719099	0	0	0	3.55364375768569	0	0	0	0	0	2.59240585350678	21.8089990749628
TCGA-A6-4107-01A-02D-1408-10	98.0833454641436	0	0	0	54.4854670327828	0.19682102593076	0	0	11.999399370546	0	0	5.85973803502924	0	0	0	3.94753887267274	12.0286336358591	0	0	0	6.13294786379172	0	0	0	0	0	0	0
TCGA-A6-5656-01A-21D-A270-10	120.601919844648	0	0	0	0	0	0	0	0	0	0	0	0	20.2807393975591	0	0	0.979113373074825	0	0	0	0	0	0	0	0	0	0	0
TCGA-A6-5657-01A-01D-1650-10	76.660762146639	2.22156224134479	0	0	0	4.54166108337146	0	0	2.44177074629347	0	0	1.16038416410842	0	0	0	0	11.4281530289227	0	0	0	0	0	15.0663138806369	0	0	0	0	8.53640287082
TCGA-A6-5659-01A-01D-A270-10	130.947759820904	0	0	0	56.8945648520345	3.7324043321201	0	0	28.0434096008447	0	0	0	0	0	0	0	0	0	0	0	0.875015324570727	0	2.44245120965915	0	0	0	0	33.8468191617861
TCGA-A6-5660-01A-01D-1650-10	91.1458018677086	0	0	0	4.15574910873547	0	0	0	0	0	0	6.86523709813852	0	6.02972831223459	0	0	0	0	0	0	0.882168639339345	0	8.99045835669557	0	0	0	2.06818534859219	0
TCGA-A6-5662-01A-01D-1650-10	41.6945611825124	2.50025532812766	0	0	0	2.66841816466007	5.07833036001619	0	2.89289956466925	0	0	0.234139124204505	0	10.1363464661876	0	0	0	0	0	0	0.923389656358252	0	0	0	0	1.01183154622673	0	3.80103252983473
TCGA-A6-5664-01A-21D-1835-10	50.3056005604803	0	0	0	0	0	1.62017142296422	0	0.957623933966699	0	8.92832890976395	0	0	3.55283778106241	0	1.38701960655035	0.644557236911179	0	0	0	0	0	0	0	0	0	1.36301249480334	0
TCGA-A6-5666-01A-01D-1650-10	87.2369124741822	0	0	0	3.48912111850206	0	0	0	12.5193663168207	0	0	0.0374465229096954	0	1.46316094729216	0	5.8200033288049	0.239941921546113	0	0	0	0	0	0	0	0	0	0	4.28136081217315
TCGA-A6-5667-01A-21D-1719-10	44.5426118929917	0.211539982795971	0	0	0.20180425561464	10.921881096729	0	0	0	0	0	0	0	0	0	0	0.162681368944046	0	0.360103927074346	0	0.866714575893166	0	0	0	0	0	1.73282903944665	4.6323403422808
TCGA-A6-6137-01A-11D-1771-10	104.308621510201	0	0	0	0	5.66566372140375	0	0	5.80270504706084	0	0	1.27982920053178	0	6.42822137597676	0	1.07387298472436	0	0	0	0	0	0	0	0	0	0	0	7.60917546336633
TCGA-A6-6138-01A-11D-1771-10	77.3978729564336	0	0	0	0	0	0	0	0	5.31239201606114	0	0.831708867235114	0	15.481767629344	0	1.05765183509559	0	0	0	0	0	2.80355901140196	0	0	0	0	4.37048172091672	0
TCGA-A6-6142-01A-11D-1771-10	45.1661298417971	0.397787784933302	0	0	22.2328224890293	2.98915155421964	0	10.522749479311	0	0	0	2.37154191087982	0	0	8.28128379763798	0	0	0	0	0	0	0	0	0	0	0.949984241606015	2.09540954046066	0
TCGA-A6-6648-01A-11D-1771-10	23.083166121754	0.0713941245897666	0	0	33.800393253293	4.09363529378073	0	0	0.66322678763974	0	0	3.09558399292124	0	20.4503440748252	0	0	0	0	0	0	0.781120999433371	0	0	0	0	0	4.14174772382054	0
TCGA-A6-6649-01A-11D-1771-10	115.248274792446	2.24804286022946	0	0	0	0	0	0	1.01856490355133	0	0	0	0	20.3800704158436	0	0.902467309073988	0	0	0	0	0.635611597705332	0	0	0	0	0	0	0
TCGA-A6-6651-01A-21D-1835-10	31.7090647999564	1.29417329560941	0	0	17.7646504027926	0	0	0	0	0	6.49198664298988	4.90957914720146	0	5.71569208235454	0	0.630918421726395	0	0	0	0	4.31579406343987	0	0	0	0	0	3.02303849049721	12.4969314191622
TCGA-A6-6652-01A-11D-1771-10	41.3383621226952	0	1.24094442858322	0.960790525279876	12.2256948325706	0	1.93042728004204	0	0	3.82130014623518	0	3.40001061403714	0	0	0	3.09530653666079	3.9633959400937	1.91262062099124	0	1.03329903773661	0	0	0	0	0	0	0	4.46967212382709
TCGA-A6-6654-01A-21D-1835-10	259.299332883509	0	0	0	0	0	0	0	0	0	0	0	0	0	0	0	0	0	0	0	0	0	0	0	0	0	0	0
TCGA-A6-6782-01A-11D-1835-10	85.6144362376028	2.70650633507617	0	0	0	1.179977501411	0	0	0	0	0	4.1526845629105	0	0	0	0	35.8375843516159	0	0	0	4.32109034377574	0	0	0	0	0	0	0
TCGA-A6-A565-01A-31D-A28G-10	109.562198725833	0	0	0	250.428648965078	0	0	0	0	0	0	0	0	11.02176926754	0	0	0	0	0	0	0	0	0	0	0	0	0	0
TCGA-A6-A566-01A-11D-A28G-10	128.586491327834	0	0	0	9.60166506732782	0	0	0	0	0	0	1.21786042505156	0	0	0	0	28.0898110816544	0	0	0	0	0	0	0	0	0	0	0
TCGA-A6-A567-01A-31D-A28G-10	46.5877939093754	0	0	0	0	0	0	0	6.72179043170211	0	0	0	0	0	0	1.00847919602468	2.99228983504099	0	0	0	0.15864068152116	0	1.58693561951393	0	0	0	0	0
TCGA-A6-A56B-01A-31D-A28G-10	86.217074102074	0	0	0	0	0	0	0	1.99966159506043	0	0	2.22565601046508	0	15.602450945226	0	0	0	0	0	0	0	0	0	0	0	0	0	0
TCGA-AD-6548-01A-11D-1835-10	90.6377877460619	1.84486271964226	0	0	5.89366950788268	0	0	0	0	0	0	1.92637568008284	0	0	0	10.2667326692689	0	0	0	2.6785922687829	0.257652762474495	0	0	0	0	0	0	10.5548942140304
TCGA-AD-6888-01A-11D-1924-10	86.3583633873737	0	0	0	35.9154310194279	0	0	0	4.62034303337008	0	0	0	0	0	0	0	0	0	0	0	0	0	0	0	0	0	3.62825661293819	0.431547332258003
TCGA-AD-6899-01A-11D-1924-10	104.110464142637	3.09253828839705	0	0	17.483425360517	9.52997789952043	0	0	3.53082616059776	0	0	7.39010715928792	0	17.4272723730912	0	0	0	0	0	0	0.941790339745277	0	3.00250845966277	0	0	0	0	0
TCGA-AD-6901-01A-11D-1924-10	126.99056163295	0	0	0	32.7639621173613	0	0	0	7.33065983435135	0	0	9.12607100125405	0	14.4574173324549	0	7.81463852028511	20.624411537957	0	0	0	10.171729903714	0	1.18392581476859	0	0	0.407372665602518	7.71740710396258	0
TCGA-AD-6963-01A-11D-1924-10	52.1600216699574	0.0566467565076672	0	0	11.377092425421	0	0	0	0	0	0	9.45563138770606	0	19.157658888835	0	0	0	0	0	0	4.97578567831635	0	0	0	0	0	0	0
TCGA-AD-6965-01A-11D-1924-10	60.5028255329909	3.46012680712716	0	0	37.8275842760309	1.51888757962588	0	0	0.337568517661322	0	0	0	0	3.17386924138067	0	0	2.08122865160771	0	0	0	2.68708966907849	0	0	0	0	0	0	0
TCGA-AD-A5EK-01A-11D-A28G-10	52.4972861539151	0	0	0	5.81351086506557	0	0	0	0	3.82943338800719	0	1.58928565943415	0	8.54645863679495	0	0.770204060898229	14.7082810877925	0	0	0	0	1.46138045941393	0	0	0	0	0	19.0904755075649
TCGA-AM-5820-01A-01D-1650-10	59.8228769286017	0	0	0	0	0	0	0	2.86153164215128	0	0	2.59009814635594	0	15.2735751405506	0	0	0	0	0	0	2.04729445204807	0	0	0	0	0	0	0
TCGA-AU-3779-01A-01D-1719-10	80.3454336332727	2.49797611901609	0	0	0	0	0	0	3.31175446899592	0	0	0	0	8.54213181486389	0	0	4.8960015407572	0	0	0	1.25297999481826	0	0	0	0	2.08321227945541	3.2966528235522	0
TCGA-AY-4070-01A-01W-1073-09	56.4049263433436	0	14.3780366295948	0	2.56478315643734	0	0	0	3.49793994638749	0	0	0.631740430755805	0	21.8166433798992	0	5.89314493891516	13.4829913323545	0	0	0	9.37200975941936	0	35.4932267056812	0	0	0	0.565189065242057	0
TCGA-AY-6386-01A-21D-1719-10	83.7917993793612	0	0	0	15.4732822162402	0	0	0	0	0	0	0	0	0	0	0	12.1003352866421	0	0	0	0	0	0	0	0	0	0	0
TCGA-AY-A54L-01A-11D-A28G-10	66.8870733478151	1.71379668098691	0	0	38.9610941746573	2.59977253054294	0	0	2.84069343173723	0	0	1.02580029014463	0	7.55663629103696	0	3.03452874920897	13.1669103261609	0	0	0	0	0	5.41221616377514	0	0	0	0	7.86643805587975
TCGA-AY-A69D-01A-11D-A36X-10	157.309686843021	0	0	0	2.64228837091454	5.56965242465812	0	0	9.54402009230238	0	0	2.34194561123561	0	20.6202057796035	0	0	5.26167628072259	0	0	0	0.517012200746296	0	0	0	0	0.158622041756046	0	11.1817512781634
TCGA-AY-A71X-01A-12D-A36X-10	86.7556357065263	1.90425604410025	0	0	13.076539963319	0	0	0	4.75872046110171	0	0	0	0	7.12814260898953	0	2.66680491850148	0	0	0	0	0.173451210634215	0	0	0	0	0	0	0
TCGA-AY-A8YK-01A-11D-A40P-10	13.3421253902039	0	0	0	39.9308611242851	0	0	0	2.00973296168274	0	0	2.36414835887437	0	0	0	2.93716335300799	4.28578558248835	0	0	0	0.461624277958716	0	0	0	0	0	0.430134794843659	9.69112234541137
TCGA-AZ-4615-01A-01D-1408-10	168.171577841147	0	0	0	372.191108040249	0	0	0	4.17345056993429	0	0	0	0	0	0	9.55476624038307	7.58223767726375	0	88.3336298863751	0	0	0	0	0	49.2810629188914	0	0	5.04329834466475
TCGA-CA-5254-01A-21D-1835-10	107.915459990948	0	0	0	41.0330483830312	7.08829471137377	0	0	0	0	0	3.12437963294851	0	1.21365726770696	0	0	3.04467104594998	0	0	2.23501256085039	0	0	28.3067708690057	0	0	0	6.92861815565096	0
TCGA-CA-5255-01A-11D-1835-10	46.7766330153067	0	0	0	0	0	0	0	1.88313214540324	0	0	0	0	3.3430800085588	0	1.59738992710993	0	0	0	0	0	0	0	0	0.923225541408634	0	0	7.29182811911608
TCGA-CA-5256-01A-01D-1408-10	46.0525114147093	0	0	0	23.5705493201262	1.12707204827581	0	0	1.3730072790668	0	0	0.229862219472351	0	0	0	0	0	0	0	0.3293015416086	0	0	0	0	0	0	7.16107383469723	0
TCGA-CA-6715-01A-21D-1835-10	54.9721190504419	0	0	0	0.344456553361744	0	0	0	13.1793603261322	0	0	0.152589540289161	0	0	0	1.93299769756829	0	0	8.96920039165529	8.22675948608427	4.09483136945106	0	0	0	0	0	0	10.8339704298391
TCGA-CA-6716-01A-11D-1835-10	150.096975460343	0	0	0	0	0	0	0	1.94847946218285	0	0	0	0	2.69177737855292	0	0	6.44033839238875	0	0	0	0	0	0	0	0	0	0	0
TCGA-CA-6719-01A-11D-1835-10	107.012538119213	0	0	0	13.8213606825389	0	0	0	4.84964298333532	0	0	0	0	0	0	0	3.1419546675041	0	0	1.69712199011741	0	0	0	0	0	0	0	0
TCGA-CM-4744-01A-01D-1408-10	113.733537347661	0	0	0	9.19156104344844	0	0	0	2.64924747006009	0	0	0	0	0	0	0.106042468239713	23.2522646177993	0	0	0	1.50831438058978	0	0	0	0	0	0	0
TCGA-CM-4746-01A-01D-1408-10	471.591677494513	0	0	0	383.582994655468	0	0	0	0	0	0	0	0	99.3144430619042	0	0	0	0	0	0	0	0	0	0	0	0	0	0
TCGA-CM-4747-01A-01D-1408-10	69.7548907507226	0	0	0	0	0	0	0	0	0	0	3.31690305080299	0	20.0414389958069	0	1.67744922872323	0.523647305501409	0	0	0	0	0	0	0	0	0	1.73060152244037	3.04341182818244
TCGA-CM-4748-01A-01D-1408-10	36.5046605797878	0.278989462073219	0	0	0	0	0	5.40786464360106	2.85215552354368	0	4.72740951956544	1.66302493030796	0	11.9172089481732	0	0.390279759725359	4.21116055142402	0	0	3.41576289464267	0	0	0	0	0	0	0	0
TCGA-CM-4750-01A-01D-1408-10	61.5679262604263	0	0	0	3.03890173757028	0	0	0	0	0	0	0.23390041437223	0	0	3.31450923905175	4.21681052482878	13.7274955835808	0	0	0	0	0	0.14903435828325	0	0	0	0	0
TCGA-CM-4751-01A-02D-1835-10	78.1426331697126	0	0	0	0	0	0	0	0	0	0	0	0	28.058076945285	0	2.19846233869249	0	0	0	0	0	0	0	0	0	0	1.4414844841815	0
TCGA-CM-4752-01A-01D-1408-10	105.617785458841	0	0	0	19.6381717827452	0	0	0	10.7079556467363	0	0	0.561405286706166	0	0	0	0	4.03058657049134	0	0	0	0	0	0	0	0	0	0	0
TCGA-CM-5341-01A-01D-1408-10	128.416017769154	0	0	0	0	0	0	0	0	0	0	6.46582549930591	0	9.1473313904882	0	0	0	0	0	0	5.98641546158106	0	0	0	0	0	8.15074654599312	0
TCGA-CM-5344-01A-21D-1719-10	62.9199843022099	0	0	0	5.72923551779813	0	0	0	0	0	0	0.725806666301093	0	0	0	0	0	0	0	0	1.80068411578395	0	0	0	0	0	0	5.07987032884887
TCGA-CM-5348-01A-21D-1719-10	156.907396555496	5.31370275953179	0	0	0	0	0	0	8.22535597557043	0	0	8.42844089974901	0	16.2637939243144	0	0	0	0	0	0	0	0	0	0	0	0	0	0
TCGA-CM-5349-01A-21D-1719-10	89.8173058624735	0	0	0	16.5549705141405	0	0	0	0	0	0	0	0	0	0	0	0	0	0	0	1.87623420376975	0	0	0	0	0	6.43158851304116	0
TCGA-CM-5860-01A-01D-1650-10	78.8877769578306	0	0	0	25.7121010797642	1.18462956350443	0	0	9.25269970955469	0	0	2.76507339063885	0	0	0	0.933584794585343	0	0	0	0	0	0	1.10540143130486	0	0	0	0	3.60768835391381
TCGA-CM-5862-01A-01D-1650-10	101.949977167254	0	0	0	0	0	0	0	0	0	0	2.24146437364617	0	0	0	3.90153538858731	0	0	0	0	0	0	0	0	0	0	4.85083847692693	0
TCGA-CM-5863-01A-21D-1835-10	35.9164733272236	0	0	0	18.5811633256896	1.96356354240462	0	0	7.61881047194003	0	0	0.679547367888203	0	0	0	0	0	0	0	0	0	0	0	0	0	0	2.54810144005378	2.82615199927692
TCGA-CM-5864-01A-01D-1650-10	66.080727811119	0	25.9644214610867	0	12.6503252527958	4.84198986173233	0	0	9.96675704670924	0	0	0	0	12.182470790791	0	0	0	0	0	0	1.17957718195773	0	36.0039907065406	0	0	0	4.42722737100656	0
TCGA-CM-5868-01A-01D-1650-10	26.0726416954846	0	0	0	23.6543877344077	4.03294194410011	1.56678055657219	0	8.93313539555513	0	4.15634348938306	3.12071653043158	0	0	0	3.21763027301482	2.8885731502692	0	0	0	0	0	5.61568224303757	0	0	0	0	0
TCGA-CM-6161-01A-11D-1650-10	79.4475447163084	0	0	0	0	0	0	0	0	0	0	1.04106958906537	0	0	0	0.398635890333399	4.84579439677908	0	0	0.37958754792572	0.267251824701738	0	0	0	0	0.531627562746405	1.51293632806713	9.53808932361727
TCGA-CM-6163-01A-11D-1650-10	90.1357526794895	0	0	0	0	3.49605665172121	0	0	0	0	0	5.52552129633569	0	0	0	1.88354125653625	1.24524443052878	0	0	0	0.507851120842444	0	0.957374258362966	0	0	0	0	13.3988355047789
TCGA-CM-6164-01A-11D-1650-10	42.3557189041823	0	0	0	0	0	1.56204965952336	0	1.33918732610824	0	0	0.543024284627655	1.92441060020108	1.42029288985313	5.40064507064234	0	4.25819532763717	0	0	0	0	0	0	0	2.57880868210164	0	5.85134927906407	7.46542583153754
TCGA-CM-6165-01A-11D-1650-10	78.2947484866176	0	0	45.4444166881035	0.392964737722042	0	0	0	0	0	0	0	0	7.78932348788823	0	0	0	0	0	0	0	0	0	0	0	0	0	0
TCGA-CM-6166-01A-11D-1650-10	57.8360401462207	5.19398547325934	0	0	0	0	0	0	7.91737233768921	0	0	3.69374204343772	0	26.9384908517569	0	0	12.5146783877395	0	0	0	1.06124482413203	0	0	0	0	0	0	0
TCGA-CM-6167-01A-11D-1650-10	53.8950738271822	0	0	0	18.4449907171573	0	0	0	0	0	0	0	0	2.38179234298185	0	0	11.3584085807786	0	0	0	2.04457542307142	0	0	0	0	0	0	0
TCGA-CM-6168-01A-11D-1650-10	111.883376033734	0	0	0	27.9588432685664	0	0	0	0	0	0	11.4081516775862	0	45.1556477437247	0	5.08331119773895	16.0294206018557	0	0	0	0	0	0	0	0	0	0	0
TCGA-CM-6169-01A-11D-1650-10	75.2419758124549	0	0	0	18.0450593989907	0	0	0	0	0	0	0.847746765269765	0	0	0	1.48870351964985	7.46357110055829	0	0	0	0	0	0	0	0	0	0	11.3085354752981
TCGA-CM-6170-01A-11D-1650-10	23.1638640762705	1.40898907027519	0	0	46.808404573975	8.72953811663304	0	0	1.8016996837481	0	0	5.25169302835682	0	0	0	7.06221684307019	0	0	0	0	2.26114734019585	0	0	0	0	0	0	0
TCGA-CM-6172-01A-11D-1650-10	79.9486332207	2.06776043662078	0	0	0	0.718909733480059	0	0	1.58220786056203	0	0	1.96164594694166	0	9.72115356397681	0	4.4061108392295	1.36769659269202	0	0	0	4.47251668799038	0	0	0	0	0	0	0
TCGA-CM-6674-01A-11D-1835-10	441.390084229818	0	0	0	439.463728207427	0	0	0	0	0	0	0	0	46.9502889974056	0	0	0	0	0	0	0	0	0	0	0	0	0	0
TCGA-CM-6675-01A-11D-1835-10	24.4792383711799	0	0	1.27507977305339	34.4390315772158	7.97065721751517	11.9021763923159	0	0	0	0	0	0	0	0	5.30846964184428	1.293116482661	0	0	0	0	0	0	0	0	0	0	0
TCGA-CM-6676-01A-11D-1835-10	84.1167060499002	0	0	0	0	0	0	0	0	0	0	0	0	17.3212518480199	0	1.47164625785188	0.767514045914607	0	0	0	3.44663021035272	0	1.89014139790065	0	0	0	1.56416125037565	0
TCGA-CM-6677-01A-11D-1835-10	105.234584335868	0	0	0	0	0	0	0	9.76904718869015	0	0	0	0	30.6886767997378	0	1.20171129490226	2.56129380639462	0	0	0	0	0	0	0	0	0	0	0
TCGA-CM-6678-01A-11D-1835-10	94.6499207538294	0.544100329587154	0	0	23.6569404479989	2.02788758428027	0	0	3.17665423897674	0	0	0	0	9.86803581211899	0	0	5.59965210294059	0	0	0	0	0	0	0	0	0	2.64263709239797	0
TCGA-CM-6679-01A-11D-1835-10	43.4826428041023	0	0	0	0	0	0	0	0	0	10.0432124618035	0.0543804691562165	0	23.1470047925824	0	1.88688790039654	0	0	0	0	0	0	0	0	0.642241881421877	0	1.11426487688176	0
TCGA-CM-6680-01A-11D-1835-10	84.7828949784381	0	0	0	0	4.50669122791007	0	0	0	0	0	0	0	0	0	0	0.236154353893401	0	0	2.06632912854853	1.13733914604377	0	0	0	0	0	0	0.784162767441671
TCGA-D5-5537-01A-21D-1924-10	49.8559696863441	0	0	0	12.8695413961486	6.9042597954734	0	0	0	0	0	0.0400031296249901	0	16.8620696766764	0	0	16.626281921642	0	0	0	0	0	0	0	0	0	4.1441684177339	0
TCGA-D5-5538-01A-01D-1650-10	76.2183712101461	0	0	0	0	1.61479054792063	0	0	5.28558608205328	0	0	0.992394815479882	0	0	0	8.3848527983868	3.72198938855404	0	16.3161465780539	0	1.48383399392606	0	14.0073147956581	0	0	0	0	0
TCGA-D5-5539-01A-01D-1650-10	84.0662024194343	0	0	0	3.91778323302645	0	0	0	0	0	0	4.27586467822213	0	1.31208908661057	0	6.89632754543339	0	0	0	0	0.786279797598773	3.60051598607465	0	0	0	0	0	2.72475800497186
TCGA-D5-5540-01A-01D-1650-10	93.9580095073034	3.17752995454131	0	0	0	0	0	0	0	0	0	5.02182733989525	0	28.5160586082415	0	0	2.2927263767345	0	0	0	0	0	0	0	0	0	0	8.71084923726716
TCGA-D5-5541-01A-01D-1650-10	65.6459279819504	0.560613873861187	0	0	0	1.7171352993234	0	0	0.0713011916501799	0	0	0	0	0	0	0	0	0	0	0	0	0	0	0	0	0	0	0
TCGA-D5-6529-01A-11D-1771-10	56.9041197393465	1.17932757112941	0	0	49.1492154132825	0	0	0	6.105347784042	0	0	1.2066167501743	0	0	0	0	2.19566454260686	0	0	0	0.992061049771843	0	0	0	0	0	0	0
TCGA-D5-6531-01A-11D-1719-10	150.401885932992	0	0	0	30.1752209196242	0	0	0	9.24416188357852	0	0	3.20727819189977	0	2.67756828184378	0	4.75851714580324	4.55981976089068	0	0	0	5.30656142638638	0	0	0	0	0	0	0
TCGA-D5-6532-01A-11D-1719-10	69.9937606262697	8.99625152778703	0	0	0	0	0	0	4.15353892756713	0	0	7.07484916876317	0	12.5658645372548	0	1.7869663151292	2.27566357401457	0	0	0	0.714387096575509	0	0	0	0	0	3.89748918143263	0
TCGA-D5-6533-01A-11D-1719-10	100.771647336355	0	24.7965813860429	0	0	1.02469217551748	1.90420318754788	0	5.86411076732939	1.16524619468053	0	7.69330269672735	0	0	0	1.57056164459222	0	0	2.24260829280833	0	3.77596437414099	0.836148749445096	6.22620014847726	0	0	0	4.65363263669256	0
TCGA-D5-6534-01A-21D-1924-10	85.5998281361717	0.840830671633107	0	25.8003450844639	0	0	0	0	3.30647548404845	0	0	5.51093220610282	0	10.793880781765	0	6.73829732503966	0	0	0	0	1.25543404698946	0	11.1450874717977	0	0	0	7.87122059419507	0.798785194987809
TCGA-D5-6535-01A-11D-1719-10	91.5018316354918	3.29117878228637	0	0	0	0.539641850257748	0.117868520935265	0	5.58333722082094	0	0	12.1433766474082	7.20735116694571	2.95439079389259	0	7.90849008908184	11.4986712768588	0	0	0.886772903450008	0	0	28.1986918862656	0	0	0	0	0
TCGA-D5-6536-01A-11D-1719-10	72.3803059460386	1.34421139613837	0	0	0	0	0	0	0	0	0	3.78374756692225	0	25.6050883657059	0	0	0	0	0	0	2.40329446875422	0	0	0	0	0	0	8.85611381803569
TCGA-D5-6537-01A-11D-1719-10	102.341558716291	0	0	0	0	0	0	0	8.63684914359265	0	0	0	0	1.94661896544857	0	0	12.0085803246392	0	0	0	0.455552625248064	0	2.96949262497878	0	0	0	0	0
TCGA-D5-6538-01A-11D-1719-10	121.571691799769	0.647822572411697	0	0	0	0	0	0	0.165367929635471	0	0	0	0	25.3771049545641	0	0	0	0	0	0	0	0	0	0	0	0	0.691339188931993	0
TCGA-D5-6539-01A-11D-1719-10	63.099381041116	0	5.42085780720116	0	5.59389026772762	0	0	0	2.92296201173276	0	0	0.436713448123632	0	0	0	3.84051276523175	0	0	0	0	1.37708414666391	0	10.9452196333898	0	0	0	0	0
TCGA-D5-6541-01A-11D-1719-10	101.470629589734	0	0	0	11.2866261659158	0	0	0	0	0	0	1.12171596535499	0	4.15183344936105	0	0	0	0	0	0	0	0	0	0	0	0	0	0
TCGA-D5-6898-01A-11D-1924-10	48.7630363785799	0	0	0	0	0	3.52614187362229	0	2.74624056984665	0	0	1.68997910954776	0	12.4880707712245	0	0.29937002806299	3.53538011420496	0	0	0	1.28161813579577	0	1.18079804554333	0	0	0	0	0.599916480512102
TCGA-D5-6920-01A-11D-1924-10	99.5399714195081	1.85899011872049	0	0	0	0	0	0	0	0	0	1.80521202907291	0	24.4089996202413	0	0	0	0	0	0	0	0	0	0	0	0	0	0
TCGA-D5-6922-01A-11D-1924-10	71.3209971164705	0	0	0	19.9941996835477	0	0	0	1.86566589437347	0	0	10.2973346692631	0	0	0	7.11500047971083	0	0	0	0	0	0	0	0	0	0	0	0
TCGA-D5-6924-01A-11D-1924-10	119.771006887623	0	0	8.46004369999125	0	0	4.65375994505555	0	0	0	0	3.28468401291432	0	0	0	2.4317865208327	5.08183429744061	0	0	0	0	0	0	0	0	5.05773191015868	5.35891713628692	0
TCGA-D5-6926-01A-11D-1924-10	87.0082177386459	0	8.33932374123336	0	0.634244236946216	0	0	0	0	0	0	9.39419165110931	0	0	0	0	0	0	0	2.39468428251746	1.22956824846421	0	1.92033837442653	0	0	0	8.88018854889836	0
TCGA-D5-6927-01A-21D-1924-10	136.529921315849	0	0	0	339.288922368993	0	0	0	6.00019574202363	0	0	0	0	43.3075094191748	0	0	0	0	0	0	0	0	0	0	92.8755374419492	0	0	0
TCGA-D5-6929-01A-31D-1924-10	31.124416217302	3.51789024249566	0	1.3615441492676	35.8711367195068	5.66713094012	0	0	0	0	0	8.15356370581808	0.737734964999996	0	0	5.64498782323382	19.6275790407935	0	0	0	0.106174519438327	0	0	0	0	1.20153284684187	3.51069850303018	1.49384524772098
TCGA-D5-6931-01A-11D-1924-10	99.0049609243248	0	0	0	0	0	0	0	0	0	0	2.87064494104219	0	56.942909099936	0	146.123842268298	18.7220504797974	0	0	0	0	0	0	0	0	0	0	0
TCGA-D5-6932-01A-11D-1924-10	45.9460127494235	0	16.9519553595163	7.87831347451066	23.9707793802357	0.979383739305315	0	0	5.34091654380252	0	0	3.06797424550401	0	0	0	5.35293702845632	0	0	0	0	9.72631877682334	0	0	0	0	0	4.76108450241387	10.8694715739265
TCGA-D5-7000-01A-11D-1924-10	99.0181878783142	0	0	0	0	0	0	0	0	0	0	8.29535336986277	0	0	0	0.823568040356281	0	0	0	0	0	0	3.29949869742415	0	0	0	0.513470796371536	8.72786945837695
TCGA-DM-A0X9-01A-11D-A152-10	115.735428473853	0.31170676517188	0	0	30.5991850353451	0	0	0	9.05768541748643	0	0	7.3839509873055	0	0	0	5.78191661905458	0.877507772439082	0	0	0	3.3629637989677	0	0	0	0	0	0	14.5591117231945
TCGA-DM-A0XD-01A-12D-A152-10	77.5416007696822	0	0	0	65.0167949417508	5.66129431783412	0	0	8.65474660240101	0	0	10.7035726416772	0	0	0	4.52469706677253	14.566465475494	0	0	0	0	0	0	0	0	0	0	0
TCGA-DM-A0XF-01A-11D-A152-10	53.3145641486294	0	3.6502745334129	0	0	7.12868461665152	0	0	6.83702292289346	0	0	6.08796632673312	0	0	1.84925309218541	0	0	0	5.18318878184665	2.90595957576238	0.769546657412743	0.531832809303858	19.9111974617107	3.6050739529372	0	2.85055745538047	6.57790712576033	0
TCGA-DM-A1D0-01A-11D-A152-10	61.3796044939253	0	0	0	0	0	0	0	0	0	0	11.0511996324464	0	0	0	0.496170330465837	0	0	0	0	13.9569119195971	0	0	0	0	0	10.8353790631423	10.7589800025261
TCGA-DM-A1D4-01A-21D-A152-10	122.414004798371	0	0	0	49.8157228605386	0	0	0	2.80881239257303	0	0	1.51117151052162	0	0	0	1.77633631659635	22.6196070207181	0	0	0	0.578243736354039	0	0	0	0	0	0	0
TCGA-DM-A1D6-01A-21D-A152-10	93.1212815212757	2.65146327039654	0	6.4225143682887	6.31659303302299	0	0	0	0	0	0	5.1866932514247	0	0	0	0	0.929018884261089	0	0	0	0.20049731483947	0	0	0	0	0	7.89487360589249	0
TCGA-DM-A1D7-01A-11D-A152-10	64.8469106330614	0	0	0	21.4478168401032	0	0	0	0	0	0	2.92638241004075	0	0	0	0	0	0	0	0.327833407593637	0	0	34.7329950278164	0	0	0.533465134762927	6.01964515934598	0
TCGA-DM-A1D8-01A-11D-A152-10	83.7063264994899	0	0	18.7194658639514	12.924521764101	0	12.462362707914	0	5.08008434525826	0	0	5.46877133723698	0	0	0	5.56275086858787	0	0	0	0	0	0	10.8965024588667	0	0	0	0	11.1867149032668
TCGA-DM-A1D9-01A-11D-A152-10	55.6494033152102	0	27.4597762964844	0	10.0703548836358	8.02160935384629	0	0	7.15903233824868	0	0	1.49539739277079	0	3.12909263636462	0	1.24741040841547	0	0	0	0	9.78689585160464	0	0	0	0	0	0	10.1468920968688
TCGA-DM-A1DA-01A-11D-A152-10	139.029111883686	0	0	47.6069320151812	2.56212550554854	1.14811282836362	0	0	0	0	0	0	0	43.1866540436472	0	25.2295996102136	0	0	0	0	0	0	33.5636779767032	0	0	0	0	0
TCGA-DM-A1DB-01A-11D-A152-10	26.8235622400402	0	0	0	32.9715995971582	0	0	0	0.0392191376507139	0	1.11397933008363	5.37746183206751	0	0	0	7.40807439089131	1.50117222576736	0	0	0	0	0	0	0	0	1.62329166573696	0	3.5651207911697
TCGA-DM-A1HA-01A-11D-A152-10	114.817005531091	1.81995861895817	0	0	0	0	0	0	0	0	0	2.53057733603622	0	17.3758727355301	0	0	13.9951496876816	0	0	0	6.16004874244884	0	10.1143101567918	0	0	0	0	0
TCGA-DM-A280-01A-12D-A16V-10	72.4536844574682	0	0	0	0	0	0	0	0	0	0	1.8374662569172	0	19.0264716299704	0	36.1718874332534	17.4405958724873	0	0	0	0	0	0	0	0	0	4.35602465696701	0
TCGA-DM-A282-01A-12D-A16V-10	60.2939925898389	3.1127107512459	0	0	23.4717163087317	5.70043785110155	0	0	8.85030580043821	0	0	6.76178065079453	0	0	0	0	0	0	0	0	4.31932433724188	0	0	0	0	0	0	0
TCGA-DM-A285-01A-11D-A16V-10	74.7352168879223	0.471160856462008	0	0	0	5.30450376807303	20.220025178519	15.9184021450618	4.62020368971886	0	5.63893024609361	8.21476745148595	0	17.9336700561987	0	4.39569549271458	0	0	0	0	7.59578966524686	0	13.1459720720476	0	0	0	2.67804711438347	0
TCGA-DM-A288-01A-11D-A16V-10	44.308068196039	0.317234681210074	0	0	8.17799860136518	0	0	0	0	0	0	9.0750179773288	0	0	0	12.6979905963267	6.96742561931931	0	0	0	0	0	5.51971432444351	0	0	0.982518865205458	0	0
TCGA-DM-A28A-01A-21D-A16V-10	67.5460126472204	0	0	0	29.7840031354106	0	0	0	0	0	0	8.43487187539673	0	0.828135627055083	0	1.62966161734531	40.5856302421905	0	0	0.200786727378424	0	0	0	0	0	0	0	0
TCGA-DM-A28C-01A-11D-A16V-10	68.710278053574	0	0	0	0.758618156663106	0	0	0	0	0	0	6.29897305288058	0	17.7346137185895	0	3.25319569033209	12.0568633821804	0	0	0	0	0	0	0	0	0	0	3.96301362327112
TCGA-DM-A28E-01A-11D-A16V-10	63.7594484246386	0	0	0	4.17483800733828	0	0	0	5.89519535605074	0	0.726005474590355	2.51541862821868	0	6.30450184554705	0	4.76970162570294	0	0	0	0	2.2000555702918	0	0	0	0	0	0	3.78156752981703
TCGA-DM-A28F-01A-11D-A16V-10	67.357421564434	0	0	1.80030229949961	24.2196416813213	1.95830866696053	9.67312824121777	0	9.54490105806132	0	0	15.9106023466361	0	40.735844999471	0	48.3366499393304	0	0	0	0	5.37475814204248	0	0	0	0	0	0	22.1803058127253
TCGA-DM-A28G-01A-11D-A16V-10	78.4716734896245	0.680699622608634	0	0	0	0	0	0	0	0	0	5.31347530216635	0	13.6746980252451	0	6.29881950696374	2.48578854313904	0	0	0	0	0.195533226295421	0	0	0	0	0	11.3660722749463
TCGA-DM-A28H-01A-11D-A16V-10	77.3499919196478	4.65191753224716	0	0	0	0	0	0	3.93336938773822	0	0	14.9149322668955	0	13.8819878152459	0	0	0	0	0	0	0	0	2.4129446539647	0	0	0.588157367493822	6.47504098408306	0
TCGA-DM-A28K-01A-21D-A16V-10	83.8431269323999	0.679509267411307	0	0	14.6194434184698	0	0	0	6.30773614388397	0	0	0.498966896262438	0	6.09832240109298	0	0	5.43202667271526	0	0	0	0	0	0	0	0	0	0	0
TCGA-DM-A28M-01A-12D-A16V-10	65.9392645666883	0.0428077388416797	0	0	20.6294319048435	2.23239418585455	0	0	4.9457223958013	0	0.237295756344817	0	0	4.71969817336896	0	6.22538137685379	0	0	0	0	0	0	0	0	0	0	0	0
TCGA-F4-6459-01A-11D-1771-10	71.639923154189	0	21.0122050724536	0	0	8.35142972948012	0	0	3.93567519530848	0	0	9.53452386766843	0	0	0	7.77079675797994	0	0	0	0	3.01279777004142	0	3.52448353213977	0	0	0	0.840526307694489	0
TCGA-F4-6460-01A-11D-1771-10	55.2174862193387	1.92148289987824	12.6966573400506	0	21.0794746035574	0	0	0	10.7452462681066	0	0	3.23108427696892	0	4.42802123637296	0	0	0	0	0	0	7.59306097522275	0	0	0	0	0	3.8639969566357	23.978100907358
TCGA-F4-6461-01A-11D-1771-10	91.1261930023983	0	0	0	10.9365547750589	3.97935901016575	0	0	3.81258375271976	0	6.76472422233537	1.90389104018961	0	21.9786353114352	0	1.04871649683643	0	0	0	0	1.33438598709958	0	0	0	0	0	0	4.62008374912454
TCGA-F4-6463-01A-11D-1719-10	74.3115875435761	0	0	0	2.55611440173486	0	0	0	0.498164790105274	0	0	0	0	7.77886789140884	0	0	0	0	0	0	0.727052493864567	0	0	0	0	0.0177917535763357	0	0
TCGA-F4-6569-01A-11D-1771-10	69.7157419449995	0	0	0	4.53903950594262	0	0	0	6.30570736246192	0	0	6.21304060652652	0	0	0	31.7465171244706	3.82336693995898	0	0	0	0	0	0	0	0	0	0	0
TCGA-F4-6703-01A-11D-1835-10	63.4770988484517	0	0	0	244.229961118671	0	0	0	10.4602352045526	0	0	4.37553340751178	0	132.358645761062	0	17.8316794831237	0	0	0	0	1.73815245853673	0	0	0	13.9795480707625	0	0	0
TCGA-F4-6704-01A-11D-1835-10	48.4388234678968	1.17469156398116	0	0	10.9587237366219	3.69869727253245	1.52741857070617	0	0	0	0	3.02834238441864	0	8.45463935648287	0	1.83559422423904	3.58743397043612	0	0	0	0	0	0.247983049578766	0	0	0	3.60506467131324	1.2599328345785
TCGA-F4-6805-01A-11D-1835-10	46.1319036084717	0	0.155396218989859	0	0.860542036348207	0	0	5.46508812939553	1.08883613303181	0	0	0	0	3.66814006965967	4.0368734310277	0.0341371153855443	0.852405586359187	0	0	0	2.52143363728802	0	0	0	8.49114118791321	0	0	0
TCGA-F4-6806-01A-11D-1835-10	87.1163663681793	2.78931795830537	0	0	0	0	0	0	4.77740291523976	0	0	2.13969566631647	0	15.2881790096043	0	0	0	0	0	0	1.58968635077946	0	0	0	0	0	0	0
TCGA-F4-6807-01A-11D-1835-10	41.5438343823876	0	0	87.2572678522094	31.072862921598	6.36768510048725	0	0	0	0	0	0.271291602976025	0	0	0	4.14465076584722	0	0	0	0	0	0	12.2048574468	0	0	0.725855954090713	0	0
TCGA-F4-6808-01A-11D-1835-10	98.2666767998906	0	0	17.5822361533133	18.6554646183221	0	0	0	0	0	0	0	0	0	0	2.26747712624467	0	0	0	0	0	0	7.12398835569048	0	0	0	0	0
TCGA-F4-6809-01A-11D-1835-10	68.120858822248	0	26.9995003949785	0	0	0	12.0384653237475	5.19909286848653	2.16491819002101	0	0	11.5941101427493	3.8111264816422	0	0	13.2295983878417	10.4398365080884	0	0	9.56599229717037	0.505012612584303	0	0	4.26575167057839	0	0	3.82154894807731	0.0508718722403432
TCGA-F4-6854-01A-11D-1924-10	55.2096347076877	0	0	0	17.7190514646475	1.5616130730226	19.2168360383505	0	0	0	0	1.76830300449262	0	0	0	3.88962708724825	0	0	0	0	0.133013760601555	0	4.54900290115616	0	0	0	4.57595967237143	9.63263928053721
TCGA-F4-6855-01A-11D-1924-10	44.9875288194688	0	0	0.756427399392556	23.5443234322189	0	3.70880852641254	0	2.15138513935986	0	0	1.30479670261275	0	18.5152631581328	0	0	9.01161621971815	0	0	0	0	0	0	0	0	0	0.21158709321935	2.32304638981209
TCGA-G4-6293-01A-11D-1719-10	73.725582980766	1.60693075777776	0	0	11.1480319341131	0.0532653631998669	4.48795072790677	0	7.41305209014795	5.24239278763966	0	0	0	0	0	1.6116693474534	1.89099204492678	0	0	0	0.0461188230243002	0	0	0	0	1.28208265496755	0	0
TCGA-G4-6299-01A-11D-1771-10	45.2274662874793	0	38.1942035360531	0	48.5304504772635	1.84877449925155	0	0	2.83306906910063	0	0	0.58420228304294	0	0	0	0	0	0	0	0	0.25202056844823	0	5.87403749264108	0	0	0	4.38235751344916	10.8337170063952
TCGA-G4-6306-01A-11D-1771-10	83.9873625603759	0	0	0	0	0	0	0	0.484738966244521	0	0	1.23964304330383	0	31.6586560531281	0	4.12943396497608	10.9652429600716	0	0	0	0	0	0	0	0	0	0.0960389750266604	0.538613696876847
TCGA-G4-6307-01A-11D-1719-10	35.761985285268	0	0	0	5.17315695523976	2.61302600319235	3.1456539456717	0	5.65307575691817	0	0	6.25520691422227	0	15.1101718226101	0	2.39115219431554	0	0	0	0	0	0	0	0	0	0	3.73820612937391	6.85356840084939
TCGA-G4-6309-01A-21D-1835-10	482.262050427605	0	0	0	404.959142236179	0	0	0	0	0	0	0	0	0	0	0	0	0	0	0	0	0	0	0	0	0	0	0
TCGA-G4-6310-01A-11D-1719-10	86.9290722466618	0	0	0	4.97221786753263	0.343281787571669	0	0	1.56569350701739	0	0	2.14254928027516	0	13.7936082344067	0	1.63862210249731	0	0	0	0	0	0	0	0	0	0	0	0
TCGA-G4-6311-01A-11D-1719-10	72.6267283846875	0	3.10119367468844	0	10.2096355271689	4.366575275752	0	0	3.29288793440601	0	0	2.11986479805513	0	0	0	8.60560995370531	22.9420657775578	0	0	0.111832943514968	0	0	5.92168692494129	0.668500136445938	0	0.944706166023528	6.86897005804316	0
TCGA-G4-6314-01A-11D-1719-10	98.6840513636768	0	0	0	0	0	0	0	3.19555110531361	0	0	13.5427485938798	4.33032058852453	29.9992260837749	0	0	4.73824325956598	0	0	0	0	0	0	0	0	0	0.947484954385546	0.917969144699191
TCGA-G4-6315-01A-11D-1719-10	113.73512931235	0	0	0	0	0	0	0	0	0	0	10.5869531768675	0	10.7996472029142	0	0	2.14966418059906	0	0	0	4.45551317583295	0	15.6074491217056	0	0	0	3.78900375912395	0
TCGA-G4-6317-01A-11D-1719-10	92.4560189876755	1.39997243358726	0	0	2.25810319326609	0.130805934782895	0	0	4.16118887888806	0	0	0.710585760000263	0	0	0	0	0	0	0	0	0	0	0	0	0	0	0	0
TCGA-G4-6321-01A-11D-1719-10	87.3156851063722	0	0	0	0	0	0	0	0	0	0	0.142752181529692	0	1.80952356634679	0	0	6.2309879777984	0	0	0	0	0	4.28109800844257	0	0	0	0	0
TCGA-G4-6322-01A-11D-1719-10	57.0841932301193	0	0	0	16.9943799743854	9.86667279836326	0	0	6.3546881332425	0	0	2.47259551102904	0	0	0	0	5.43493157094555	0	0	0	0	0	0	0	0	0	0	0
TCGA-G4-6323-01A-11D-1719-10	55.2029605324239	0	0	0	34.3910880688516	0	0	0	0.683766131315473	0	0	3.70515592670452	0	5.52508619550302	0	1.02913137177303	8.22713337611807	0	0	0.776571810298947	0	0	0	0	0	0	0	0
TCGA-G4-6625-01A-21D-1771-10	73.4442419101903	0	15.9834917344828	0.981969363064498	0	0	0	0	0	0	0	4.59315672593365	0	0	0	0	0	1.26769352346604	10.2889796749559	0	0	0	5.2467745243296	0	0	0	9.38908943091788	0
TCGA-G4-6627-01A-11D-2188-10	98.9907879573046	0	0	0	0	0	0	0	0	0	0	3.15239628562588	0	2.10844661652772	0	0	0	0	0	0	0	0	1.44389384652924	0	0	0	0.186603763071378	13.216687609402
TCGA-NH-A50T-01A-11D-A28G-10	118.064382565024	0	0	0	4.51143643798838	0	0	0	8.76039572845328	0	0	0.747538032530264	0	16.5662688612684	0	0	0	0	0	0	0	0	0	0	0	0	0	0
TCGA-NH-A50U-01A-33D-A36X-10	45.1919201273513	1.4489464182598	0	0	25.6582934382242	0	0	0	6.80603352739764	0	0	0	0	10.617103940936	0	0.204220229571427	4.58753560207497	0	0	0	0	0	0	0	0	0	3.4153338864816	0
TCGA-NH-A50V-01A-11D-A28G-10	135.677691106244	0	0	0	2.03979969683788	0	0	0	0	0	0	0	0	24.4075007892434	0	0	15.8617208270267	0	0	0	0	0	0	0	0	0	0	1.58843483621806
TCGA-NH-A6GA-01A-11D-A36X-10	78.238272722394	1.53565928657363	0	0	0.392973606750487	0.140369607969568	0	0	7.97051286184481	0	0	2.1501170476209	0	0	0	1.74676029567829	13.971441497437	0	0	0	0	0	0	0	0	0	0	0
TCGA-NH-A6GB-01A-11D-A36X-10	119.69265472632	0	0	0	0	4.35633808702616	16.5911939757739	0	4.23894857436481	0	0	1.89832858197787	0	25.6737086147499	0	0	0.257372985750597	0	0	0	0	0	0	0	0	0	0	0
TCGA-NH-A6GC-01A-12D-A40P-10	109.513151840707	0	0	0	0	0	0	0	7.51881201956762	0	0	6.7609847604725	0	0	0	0	0	0	0	0	0	0	0	0	0	0	1.84410467418398	8.53465750059827
TCGA-NH-A8F7-01A-11D-A40P-10	82.1101312998496	0	9.70632543210481	0	0	4.03001330007165	0	0	2.08371430514801	0	0	1.39587949054684	0	0.906331985125119	0	0	0.549099256890541	0	0	0	0	0	0	0	0	0	0	24.4060204706894
TCGA-NH-A8F8-01A-72D-A40P-10	75.3377723410221	0	0	0	21.8908740444962	3.27686927573742	0	0	0	0	0	0	0	2.80289598646393	0	1.24495038952934	31.9386185802451	0	0	0	0	0	0	0	0	0.540534066537899	0	0
TCGA-QG-A5YV-01A-11D-A28G-10	134.102510282037	0	0	0	0	0	0	0	9.03276657193624	0	0	3.61412272289693	0	32.2718738119064	0	7.30759099494376	0	0	0	0	0.85340573720051	0	0	0	0	0	0	2.49911216216405
TCGA-QG-A5YW-01A-11D-A28G-10	84.7311241870491	0	0	0	23.5885044694582	0	0	0	4.54379846589996	0	0	0	0	17.9628806544419	0	3.17487984696786	15.0975678802701	0	0	0	0	0	0	0	0	0	3.20222917051585	2.26232030793606
TCGA-QG-A5YX-01A-11D-A28G-10	76.0992777309112	0	0	0	11.9517614792202	0	0	0	0	0	0	0.228435021056706	0	0	0	1.34031514430457	0.0352324096106039	0	0	0	0	0	0	0	0	0	0	0
TCGA-RU-A8FL-01A-11D-A36X-10	63.3215485400147	0.383061930051519	22.4558962771748	0	0	0	0	0	0	0	0	7.09774073693255	0	37.2868317586419	0	3.50881597663658	0	0	0	0	1.99144912733097	0	0	0	0	0	0	1.80885708911769
TCGA-SS-A7HO-01A-21D-A36X-10	81.2422380898966	2.96932711204627	0	0	7.31898804845527	0	3.04645038443199	0	0	0	0	0.390826339573392	0	26.0927732639147	0	0	13.4384140775379	0	0	0	9.32730203449155	0	0	0	0	0	0	19.0242502567445
TCGA-T9-A92H-01A-11D-A36X-10	89.6084812567117	0	0	0	6.73557126351031	1.05893112498609	13.147182307404	0	7.02819300807383	0	0	6.3574753717844	0	13.876600877871	0	2.99732755599048	0	0	0	0	6.62816665062276	0	25.6199931565204	0	0	0	8.77877081304691	0
