Sample	Signature.1	Signature.2	Signature.3	Signature.4	Signature.5	Signature.6	Signature.7	Signature.8	Signature.9	Signature.10	Signature.11	Signature.12	Signature.13	Signature.15	Signature.16	Signature.17	Signature.18	Signature.19	Signature.20	Signature.21	Signature.22	Signature.23	Signature.24	Signature.25	Signature.26	Signature.27	Signature.28	Signature.29
TCGA-FA-8693-01A-11D-2397-10	11.687985147742	0	2.81202065326	0	10.4108063272403	36.0678298786732	1.33134637941942	0	0	0	0	10.9052186518841	0.012522497856245	0	10.7968349302501	74.5105321103827	0	0	0	0	0	7.75743453079978	0	0	0	1.26335285067322	0	0
TCGA-FA-A4BB-01A-11D-A31X-10	43.2172336312803	0.742479236585064	16.9190624450427	0	0	7.44928045764562	4.51875153535276	0	0	7.44882791704753	0	0	0	13.5371803823179	0	0	0	0	0	0	0	7.21832244871592	0	0	0	0	0.867103185776648	0
TCGA-FA-A4XK-01A-11D-A31X-10	51.6448044576031	0	18.871666627464	0	0	0	0	0	0	0	0	0	0	0	0	4.67970478720487	0	0	4.54649001813056	0	0	0	1.67668924591428	0	8.63567579271938	5.89151456290078	3.76197742051223	1.12221484959442
TCGA-FA-A6HN-01A-11D-A31X-10	0	0	52.2460495867859	0	0	32.4219241204047	0.782953346683641	0	0	11.104501814184	18.1950382853342	0	5.18889714262458	26.5421513855619	0	2.50776132909964	0	21.2693680670274	3.2454644734024	0	0	17.0282521031993	5.05234811198116	0	0	0	0	0
TCGA-FA-A6HO-01A-11D-A31X-10	21.9157964352423	0	8.77850743304732	0	0	12.9319285576171	0	0	0	2.10768849369092	2.10354409668954	0	2.06992838219313	13.7446751575533	0	0	0	0	0	0.284525947411044	0	3.53277407424608	0	0	0	0.155129229592747	0.169481253493779	0
TCGA-FA-A7DS-01A-11D-A382-10	19.0313385269571	0	4.91000520854267	0	0	13.3929758104625	0	0	0	3.55846549655521	0	0	0	20.7096008267977	0	0	2.44740465817782	0	14.191221413352	0	0	12.7323365760131	10.8065384570079	0	0	0.750144979272695	5.06195211571476	6.2112143415935
TCGA-FA-A7Q1-01A-11D-A382-10	40.3457779121018	0	11.0371382157241	0	0	31.3954550623325	13.6195715568038	0	0	4.70269358996639	0	0	6.87669421510913	32.991566287263	0	11.3275192293168	0	0	0	1.61943980492329	2.95484073666177	2.41687542950885	0	0	0	1.11868367890157	0	19.5592920562623
TCGA-FA-A82F-01A-11D-A382-10	72.1764467847046	0	36.2999378785182	0	0	0	0	0	0	0	0	0	3.16474430252228	28.0662836369583	0	7.17145904466652	5.81530883191901	0	0	0	0	4.11247014411346	1.91242276104244	0	0	3.15772464386465	0	5.99558705580079
TCGA-FA-A86F-01A-11D-A382-10	26.8628202693997	0	39.1917478136547	0	0	0	0	0	0	0	0.700015393404452	1.10871920664277	1.17800052794335	32.6869337099284	0	0	11.272753220601	0	0	0	0	0	1.29939469439121	0	0	0	3.96731141379439	0
TCGA-FF-8041-01A-11D-2210-10	83.0425396588667	0	18.4254490625179	0	0	0	4.28281512273575	0	0	0	10.9651308955892	5.55523904024731	0	33.2360871229707	0	6.55127688363117	0	0	0	0	9.05569161364701	0	9.00601623385149	0	0	0.893727866667255	0	4.25567482248707
TCGA-FF-8042-01A-11D-2210-10	48.4019900278774	0	23.8211230044789	7.70484656101807	0	18.1181808090662	0	0	24.3482090692276	0	0	0	11.0594147948249	36.8525544190103	0	68.034582806199	0	0	0	0	0	17.2243354878637	0	0	0	0	0	0
TCGA-FF-8043-01A-11D-2210-10	51.5918292791584	0.674335622725571	13.5846615130217	0	0	7.23770520483544	0	0	0	0	7.39633324457056	0	0	15.084045580898	0	0	0	0	0	1.07785097327322	0	0	2.20643376209487	0	0	0	3.48180373011687	0
TCGA-FF-8046-01A-11D-2210-10	24.827973838525	0	24.0821986036884	0	0	2.19521402052255	0	0	0	0	0	0	0	0	0	2.00028181241615	0	0	0	8.35686488948341	3.15158125431134	0	2.09386922486385	0	0	0	0	0
TCGA-FF-8047-01A-11D-2210-10	61.0997273779202	0	10.0929684394469	0	0	17.1002493868985	0	1.64516336230163	19.3233707033207	0	2.28947984982711	0	0	6.32893740945097	0	1.08564971517598	0	0	0	0	2.46376127826785	0	0	0	0	0	0	0
TCGA-FF-A7CR-01A-11D-A382-10	53.6350500243848	0	34.0364468692207	0	5.45074599742586	29.4539875175382	1.67961566352792	0	0	0	12.3763393043778	0	0	56.4566090598908	0	19.5503053256199	0	0	0	0	1.81552793469388	3.38176358185578	7.78131219795571	0	0	2.02784743545302	0	0
TCGA-FF-A7CW-01A-11D-A382-10	32.4580364766088	0	0	4.63572662216517	0	0.0147112383150649	0	0	0	0.535233313221481	0	0	0	0	0	0.778698418177007	0	1.01152855734965	7.6835707416338	0	2.54539933678472	5.23928158529003	0	0	0	0	0	0
TCGA-FF-A7CX-01A-12D-A382-10	43.6368535636466	4.38392145750548	0	0	0	43.1030105237773	0	0	0	7.16752992173962	0	0	0	18.2938208684196	0	0	0	0	0	0.421283322125528	7.25222620922351	0	0	0	0	0	0	0
TCGA-GR-A4D4-01A-11D-A31X-10	7.716143453785	0	11.9816481365453	0	0	13.3013872353943	0	2.27762092728686	29.140389916038	0.605583330696251	0	0	11.5116984870931	8.42507946454599	0	0	6.37757017882761	0	0	3.12140013393611	0.614937682660977	0	0	0	0	0	3.13226810481597	0
TCGA-GR-A4D5-01A-11D-A31X-10	52.4121493255259	0	0	0	0	0	0	0	0	0	0	0	2.42139337495975	12.6952356564818	0	0.240664315490405	0	0	0	0	0	0	0	0	0	0	1.39060200274017	0
TCGA-GR-A4D6-01A-11D-A31X-10	23.0258348202734	0	0	0	0	11.8379967289199	3.68435505974333	0	0	0	0	0	0	9.60673258501942	0	4.94219189010024	1.53795939883248	0	0	0	0.00474337831412128	0	0	0	0	0	0	0
TCGA-GR-A4D9-01B-11D-A31X-10	31.5699616144039	2.7803687301327	3.15483907119095	0	0	0	0	0	2.15850772293348	1.78811462282174	6.2678571251259	0	0.436448672786529	0	0	7.74107588650426	0	0	0	2.43340501441803	0	0	0	0	0	0	0.303060341803106	21.2839627087856
TCGA-GS-A9TQ-01A-11D-A382-10	51.4404603430479	0	32.0605228231863	0	0	49.5619181456122	1.2148899369884	0	1.97711200528989	0	9.93930814026326	0	0	18.2971988058309	0	9.93920899945968	0	0	0	0.495833653930775	0	6.64629670957074	0	0	0	0	0.190202810843967	0
TCGA-GS-A9TT-01A-11D-A382-10	0.203533162870719	0	82.9685555002946	0	0	115.515353924243	5.42891401474457	0	11.1815027288965	8.25820169744857	0.738433752864887	0	0	11.0233093861085	0	0	0	0	4.52055600178893	0	6.07520882762947	8.58507349757979	7.91749691160577	0	0	2.68527039004834	0	0
TCGA-GS-A9TU-01A-11D-A382-10	24.7125923352143	0	0	0	0	18.3748283369804	0	0	0	0.415537828265275	0	0	0	0	0	18.2446391414103	0	0	0	0	2.25569800773773	0	0	0	0	0	0.146368151285281	2.31021256459064
TCGA-GS-A9TV-01A-11D-A382-10	25.6087628997667	0	26.3632549775561	0	8.31657457368933	0	5.24363429746081	0	8.46572818646101	0	0	0	0	0	5.96281130232481	6.16130265139552	0	0	0	0.083205216525696	4.52582140886675	0	0	0	0	0	0	0
TCGA-GS-A9TW-01A-11D-A382-10	30.1847695140441	14.6479494687687	58.2156368479946	0	0	80.4140994497134	28.1355531092909	0	0	16.411202035091	0	1.92670854237797	21.3386354409476	49.3273412628128	0	13.5291503937988	0	0	0	0	0	0	0	0	3.76083614173278	3.26333791211449	0	0
TCGA-GS-A9TX-01A-11D-A382-10	23.8534911557669	0.479365146659149	0	0	0	36.3126873446285	0	0	0	0	0	0	1.41399936199644	5.70725739059557	0	1.12485701447158	0	0	0	1.25489285729195	0	8.7892628400617	0	0	0	0.641426033400065	0.0816618259036661	0
TCGA-GS-A9TY-01A-11D-A38X-10	42.428956198493	0	25.2364460380029	0	0	41.5996692837601	2.0591673184874	0	1.86670979720126	2.9188702369484	0	0	0	14.8206850973752	0	4.56829335356148	4.35116686787131	18.5024888823624	0	0	7.78362269870482	0	5.70021829338231	0	0	0	0	0
TCGA-GS-A9TZ-01A-11D-A38X-10	45.1065585979993	52.9334806336996	90.177515199578	0	0	107.306486766944	44.7839027322632	0	0	38.4187299164348	0	0	19.4937484628197	0	0	5.44319407557147	0	2.2630653728185	0	4.30715428862626	12.0729645218053	0	8.2246990956552	0	0	2.39012452550737	0	0
TCGA-GS-A9U3-01A-11D-A38X-10	54.1347345154333	2.73110639845466	0	0	0	0	0	0	0	2.77091015561053	0	0	0	6.7350778896262	6.10856396329858	0.344876587173378	0	3.32366964327986	4.57106699780872	0	0	0	0	9.25314125056094	0	0	0	0
TCGA-GS-A9U4-01A-11D-A38X-10	38.3324006216475	0	0	0	0	0	0	0	0	0	0	0	1.95001289141533	0	0	1.89782623037942	0	0	0	0	0	0	0	0	0	0	1.49804475675995	0
TCGA-RQ-A68N-01A-11D-A31X-10	43.2712422252684	8.53961172905519	0	0	21.504088342723	90.9406684599316	16.7138697635832	0	0	0	0	0	0.888776825867459	4.65053912365353	0	0.993469526516484	8.20525010822359	0	0	0	4.68810648027118	0	14.2317485354332	0	0	0	2.44400736912687	0
TCGA-RQ-A6JB-01A-11D-A31X-10	23.1851356710852	0	29.2377974179884	0	0	0	14.4007497939368	0	3.44208353515177	1.03748938962677	0	16.9455561329594	0	0	0	1.93303800299548	0.258583470860375	0	3.08926082930823	0	4.03795841641497	0	4.67006936686147	0	0	1.21635650619949	1.1530256281103	0
TCGA-RQ-AAAT-01A-11D-A38X-10	36.9308093815874	4.0547766286201	38.9599529665365	0	0	40.6391419942923	0	0	0	6.95337698710862	0	0	0.993792568573703	1.2660821953703	0	0	0	31.1133457085643	0	0	8.18824955019798	0	0	0	0	0	1.42171960611078	9.69469599266056
TCGA-VB-A8QN-01A-11D-A382-10	36.0870920960856	0	19.1424997816131	0	0	62.6295143633655	9.39725907391206	0	4.11262772128375	0	0	0	1.58048804465189	0	1.02134971122958	0.337280040240143	8.04061381377492	2.55101661244837	0	2.41148559211556	4.99980242444703	0	0	0	0	0	0	5.96958979826884
