Sample	Signature.1	Signature.2	Signature.3	Signature.4	Signature.5	Signature.6	Signature.7	Signature.8	Signature.9	Signature.10	Signature.11	Signature.12	Signature.13	Signature.14	Signature.15	Signature.16	Signature.17	Signature.18	Signature.19	Signature.20	Signature.21	Signature.22	Signature.23	Signature.24	Signature.25	Signature.26	Signature.27	Signature.28	Signature.29	Signature.30
TCGA-2H-A9GF-01A-11D-A37C-09	79.085156995728	19.9777644532693	0	0	0	86.5639520380574	0.222250972576386	0	0	0	0	0	12.2235866835856	0	0	0	75.3690321398132	25.7855625204416	8.58984059221254	0	0	3.31924108884331	0	0	0	0	0	0	0	0
TCGA-2H-A9GH-01A-11D-A37C-09	38.1769717417306	0	3.98438991072411	26.6895348256388	0	0	8.37412908005919	0	6.9355836808078	2.6732822747878	0	8.7717565451322	6.43287301898254	0	0	0	24.7700436312154	0	0	0	0	0	0	0	0	0	0	5.37604982143592	0	0
TCGA-2H-A9GI-01A-11D-A37C-09	67.9789037237325	0	0	0.935657316322104	0	3.91332277696707	4.01864735123942	0	0	4.10637018408705	0	0	4.79596773567091	0	0	0	89.9876775101381	0	0.433342088909198	4.14515437204978	1.62316135260792	0	10.221332133993	0	0	0	0	8.01173241512689	18.5942457675667	0
TCGA-2H-A9GJ-01A-11D-A37C-09	53.202841901381	0	3.77878501373835	9.50258337378356	0	0	8.49576476779021	0	0	0.575913018868289	7.13535627442716	0	8.0810898975651	0	8.08580584697404	4.0683153082881	5.82132934908864	0	0	0	0	0	0	0	11.4518752310414	0	0	4.0037925595004	0	0
TCGA-2H-A9GK-01A-11D-A37C-09	46.044203728478	3.30676642040536	26.3054369996126	0	0	9.76337348040662	0.816554408367531	0	14.3409925336387	0	0	0	19.2986988032676	0	0	0	94.2233076069767	0	0	0	1.48848403688287	0	0	0	0	0	0	0	0.345644627818405	0
TCGA-2H-A9GL-01A-12D-A37C-09	40.0054223966897	0	37.6430677750265	0	0	0	0	0	11.6436830673411	0	0	0	0	0	12.4096148379746	14.6501360168732	96.7105887053176	0	0	0	5.11630871545274	0	0	18.4562515278358	0	0	0.527638810335527	0	0	0
TCGA-2H-A9GM-01A-11D-A37C-09	18.4534965329064	1.47127531729022	0	0	0	14.3261035205554	1.97746297645245	2.09868173783536	0	5.14804093905141	0	0	4.35263041318889	0	16.8070264755817	0	32.1870618259209	10.2896685163402	0	0	0.517851525343478	0	0	0	0	0	0	9.80642107956225	14.5792063523672	0
TCGA-2H-A9GN-01A-11D-A37C-09	40.2517057558447	0	18.8997468743128	0	0	20.516129437343	6.51803754580072	0	0	4.8801378859772	0	0	17.0598578790978	0	0	6.65290102036865	19.1380968265578	0	0	0	0	1.28688819128788	0	0	0	0	1.63463952690908	0	0	0
TCGA-2H-A9GO-01A-11D-A37C-09	34.4366024574119	0	21.0370656527665	0	0	0	9.64712079518159	0	0	3.61951648398824	1.71161084196386	0	2.30626082352447	0	8.76286125729467	0	63.2638855439003	7.5585623011963	0	0	0	0	0	0	0	0	0	0	0	0
TCGA-2H-A9GQ-01A-11D-A37C-09	17.0057116038984	9.94575240326685	23.6788336092823	0	0	25.7451148873604	1.64810447093174	2.18530633780853	0	0	0	0	10.6371878276623	0	19.1737123742369	0	21.6525557723598	0.494342990663236	0	0	0	2.23293085047446	0	0	0	0	0	0	12.7020906244085	0
TCGA-2H-A9GR-01A-12D-A37C-09	80.9080761241547	0	0	0	0	15.4425437387751	0	0	0	0	0	0	2.82283591734904	0	50.6426529271035	0	245.213997029382	8.46292502012591	0	0	0	0	0	0	0	0	0	9.85180043079241	23.8971697476366	0
TCGA-IC-A6RF-01A-13D-A33E-09	54.9205180704204	2.87541691890474	17.2072758223306	0	0	0	8.75416417857477	8.98537129833741	0	5.94972899162324	0	0	0	1.70963327779825	0	0	0	3.63093228928505	0.253385519229744	0	0	0	0	15.4538191526734	0	0	0.155250341110894	0	0	0
TCGA-IG-A3QL-01A-11D-A247-09	32.2554404080902	10.9613459161062	13.8883192494182	9.67129881415154	0	2.33287738181142	6.28541064070267	0	0	2.56870199640857	0	0	0.936360591047098	0	0	11.193614271503	1.23877062017833	0	0	0	0	4.88643567916139	0	5.45289855545207	0	4.92320203492977	0	0	0	0
TCGA-IG-A3YA-01A-11D-A247-09	21.1399247738097	1.82615556360427	0	30.9155804945197	0	7.21545907959228	0	8.97448171037236	0	0	0	0.332696523623472	5.2643754541929	0	9.8530988739191	0	0.0948697045610688	9.08191310776102	0	0	1.05688407500614	0.369578825587385	0	0	0	0	0	0.129311704715106	1.07681492708614	0
TCGA-IG-A3YB-01A-11D-A247-09	53.2032796551279	0.521957128699527	0	7.62825575745643	0	3.57570623861799	0	0	0	0	0	0	10.2204943289362	0	0	0	0	3.17740998357643	0	0	0	0	0	0	0	1.89801243069666	0.0441311498461454	0	0	0
TCGA-IG-A3YC-01A-11D-A247-09	11.785528571824	0.838874862929203	16.1029627903606	0	0	8.42316576232224	2.94674866589566	0	0	0	0	0	6.04334742939792	0	0	0	0	8.79985878039775	0	0	0.891094333081073	0.370488125687701	0	0	0	0	2.31841744570692	0	0	0
TCGA-IG-A4P3-01A-11D-A27G-09	12.7528882732169	23.5123889905776	0	38.1178914707759	0	0	17.9257511625036	0	0	7.90932762288408	0	0	87.4587299189379	10.2464410365693	0	19.6900413348258	14.2004923029663	21.3158892327229	0	2.13081285883017	0	0	0	15.8621722196341	0	0	1.18003773442643	5.2214661103714	9.75301421411913	0
TCGA-IG-A4QS-01A-11D-A27G-09	73.469346511791	1.82891578810779	0	0	0	34.5833114776417	0	0	0	8.6677881949762	0	0	7.29111089354407	0	0	0	133.179608752574	0	0	0	0	0.349430355028008	0	0	0	0	0	0	10.9714810084856	0
TCGA-IG-A50L-01A-11D-A27G-09	13.6225585911011	0	0	0	0	9.07971615732439	0	0	0	4.45525437911041	0	0	5.87917805859247	0	8.26788363589072	67.1974649399861	0	14.1065958100079	0	0	0	0	0	0	0	0	0	0	5.816018863797	0
TCGA-IG-A51D-01A-11D-A27G-09	49.1084205211755	15.1757770634762	0	0	0	23.8973229526488	7.86397980082752	0	0	0	0	0	28.7800171599381	0	0	0	0.638626583295388	15.2654607731582	0	0	0	0.968269159564599	0	6.65475293528594	0	0	1.43863360837322	0	0	0
TCGA-IG-A5B8-01A-11D-A28B-09	35.2991046314212	87.5036212487353	0	0	0	0	14.960071279237	0	0	11.5083357254654	0	0	125.619766074916	0	0	22.5462761070669	1.24568260963356	0	0	0	0	3.72328045425813	0	0	0	0.189436101104262	0	0	12.8023007793999	0
TCGA-IG-A5S3-01A-11D-A28B-09	58.691900093854	0	0	6.48332124044272	0	0	2.00580347128513	0	0	6.67402036704207	0	0	7.07778732487901	0	0	0	0	0	0	0	0	0	0	0	0	0	0	0	4.85118865673888	0
TCGA-IG-A6QS-01A-12D-A33E-09	3.48340578374001	0	0	0	0	1.53510180444023	5.34176817719593	0	0	0.388155446849131	0	0	11.1282107158805	0	8.763021161193	28.2258184149609	0	0	0	3.72588796454477	0	0	0	2.22599053701066	0	0	0	0	8.28917477281265	0
TCGA-IG-A7DP-01A-31D-A33E-09	2.60106169824423	0	0	0	0	3.13441872665074	1.02668762218738	0	0	4.32415744739009	0	0	0	0	0	0	0	0	0	0	0	0	0	0	0	0	0	0	3.82654893885944	0
TCGA-IG-A8O2-01A-11D-A36J-09	30.790757762515	13.2416208899957	0	0	0	0	0	17.3163265038952	6.37537181204979	0	0	0	13.7913661202439	0	40.9474878942777	51.0064308753479	0	0	0	0	0	0.289359995318277	0	0	0	0	0.854758025139377	0	0	0
TCGA-IG-A97H-01A-11D-A387-09	18.1892910212075	0	9.59445278116434	0	0	0	4.40254846291959	0	0	3.66910909365466	0	0	3.77039121933162	0	10.6998161614696	40.8985371138069	0	0	0	4.04785082810305	0	0	0	18.4339229606647	0	0	1.52974595201262	0	0	0
TCGA-IG-A97I-01A-11D-A387-09	29.6911400236523	1.74632713756625	17.4009578039155	0	0	0	4.07944173125732	0	0	4.61509197823538	4.10639442840118	0	27.8319067002779	0	2.90150566598662	33.3152850746566	0	0	0	0	0	4.79508327414056	0	0	2.28722284836761	0	0	0	0	0
TCGA-JY-A6FA-01A-11D-A33E-09	5.88733013172471	5.50190121933617	32.9212810217571	0	0	1.92156303111539	0	13.7849591708133	0	7.90208778254445	6.02579735139155	0	11.0619157612407	0	12.1008938565502	26.8853507708558	0	0	0	0	0	0	0	0.683707304808037	0	0	3.24381796410405	0	15.3319231058819	0
TCGA-JY-A6FB-01A-11D-A33E-09	62.0278386518068	2.73773632924776	0	16.7307926676949	0	6.92373661642535	2.19935683082285	0	2.25442571814906	0	0	0	4.3906986361096	0	3.36781727415016	0	1.46647215334169	0.508556577250842	0	0	0	0	7.03425882716182	0	0	0	0	0	0	0
TCGA-JY-A6FD-01A-11D-A33E-09	6.46228366385349	27.5239119185759	24.7119992322289	7.50094266572671	0	20.8825082057482	0	0.870844622575242	0	0	0	0	25.6307385949075	0	7.80348424756437	0	0	3.39457837279247	0	0	4.28395313645247	4.05010914475505	0	0	0	0	0	0	14.9745122797106	0
TCGA-JY-A6FE-01A-11D-A33E-09	6.05975163320792	0	17.7869112561674	0	0	0	2.3984512168247	0	6.76671196793307	0	0	0	0	7.41066411076482	10.4186364332969	32.9155825865073	0	0	0	0	0	0	0	2.79169711159902	0	0	0	0	0	0
TCGA-JY-A6FG-01A-11D-A33E-09	89.1939050547266	2.45963922771231	11.8175983850286	3.7195394999906	0	0	10.9585952687851	0	0	7.86541796258247	0	0	10.3645391975097	3.85867953741763	0	0	0.62991028741026	59.9370621470164	0	12.8057796768177	0	0	3.39418165399113	11.5894874929501	0	0	1.30024802858004	0	18.1057982716692	0
TCGA-JY-A6FH-01A-11D-A33E-09	16.6116799516873	8.81142686129527	10.6956011699995	0	0	0	0	0	0	4.19053648295475	0	0	6.89144425519366	0	19.9973081026745	0	60.8429863308106	0	11.8796968952492	0	0.426101814040375	1.67542342609354	0	0	0	0	0	1.31371718516848	5.61935433954913	0
TCGA-JY-A938-01A-11D-A37C-09	82.3165631538152	0	0	0	0	0	10.2365659181094	0	0	9.14448503181835	0	0	6.27714401728575	0	8.73887627917643	0	28.0900650171681	0	0	0	0	3.00413175741699	0	0	0	0	0	0	3.83568697110074	0
TCGA-JY-A939-01A-12D-A37C-09	31.3577090994346	0	0	0	0	12.777058990029	0	0	0	0	0	0	0.493224513180632	0	5.67348752880464	3.40071907511038	3.83758063503907	0	8.97305790532898	0	0	3.05580440389736	1.52437767873832	0	0	0	0	0	0	0
TCGA-JY-A93C-01A-11D-A387-09	66.922218624013	3.88820164512063	3.15158300852561	2.49619794290105	0	0	0	0	0	1.70945742923162	0	0	0.140264541125173	0	0	0	0.348130420475383	3.95862528161665	5.40537369977095	0	0	2.09159271780445	0	0	0	0	1.0117748627726	1.19570464079542	0	12.1789137401312
TCGA-JY-A93E-01A-11D-A37C-09	137.882829738204	0	0	0	0	30.4234412402174	7.84380447690821	0	0	2.1431988482883	0	0	2.67663427488566	0	1.73310704651771	0	5.85488730720801	7.22375759136126	0	0	0	7.62636313774127	11.7915953567716	0	0	0	0	0	0	0
TCGA-JY-A93F-01A-21D-A37C-09	45.2977003626442	0	0	0	0	20.2505870706009	1.12519746456847	0	0	0	3.41297354679285	0	1.43769155631074	0	4.31558143731515	0	1.94881880007959	34.145238113892	0	0	0	0	0	0	0	0	0	0	2.67098145788259	13.8189631689415
TCGA-KH-A6WC-01A-11D-A33E-09	8.85628448325955	0	0	1.01266500894245	0	7.38923982041705	0	0	0	0	0	0	2.72677534722349	0	1.98647824798934	0	0	5.51083871591367	0	0	0	0	0	0	0	0	0	0	8.5486886232309	0
TCGA-L5-A43C-01A-11D-A247-09	63.1250428935027	0	0	0	0	16.5437926509203	2.8985784799045	0	0	9.27797553081879	0	0	0.164814439693605	0	50.5388660603989	0	5.70887306730015	4.83842942380545	0	0	0	1.38431616962117	0	0	0	0	0	3.99628452268068	5.6273709336056	0
TCGA-L5-A43E-01A-11D-A247-09	97.6792939839744	0	0	0	0	0	0	0	0	0.478705258362057	0	0	0.493120339067269	0	0	0	83.4101351127857	0	0	0	0	5.08981651357668	0	0	0	0	0	0	0.93038241175977	0
TCGA-L5-A4OF-01A-11D-A27G-09	34.3017664563583	1.44180031911286	11.7793158986014	0	0	0	0.696692014934154	0	0	0	0	0	4.92496020688613	0	9.1815063774684	0	3.81601593412235	9.07427080191557	0	0	0	1.21711749082812	0	0	0	0	0	0.732118402622693	2.22154867223453	0
TCGA-L5-A4OG-01A-11D-A27G-09	72.6206626368202	0	0	0	0	35.3947070880634	2.19813684936139	0	0	0	0	0	2.32798790835453	0	0	0	33.9667859669665	12.9827730491223	0	0	6.56790718590932	0.256596338788599	0	0	0	0	0	0	0	14.6429454607114
TCGA-L5-A4OH-01A-11D-A27G-09	28.959097674219	4.51878385710662	0	4.59410186922185	0	37.181160499208	6.83263340599928	0	0	0	0	0	1.72688336364599	0	0	0	10.0686692092889	10.1356746681934	0	0	0	0	0	11.7558621109151	0	0	0.47917566359192	3.03862446503657	80.9267417377408	0
TCGA-L5-A4OJ-01A-11D-A27G-09	64.8886521067029	0.562012760666192	0	0	0	43.732204956236	0	0	0	0	0	0	8.45754816477675	0	0	0	92.1554354116603	27.2996796946363	0	0	0	0	0	34.5465099750942	0	0	0	0	23.8371120937445	0
TCGA-L5-A4ON-01A-11D-A27G-09	46.4088118392945	0	0	0	0	19.5913138285039	0	0	0	1.53664420805935	0	0	4.49693576952629	0	13.161809856384	0	109.406944852421	0	0	0	0	0	0	0.720646200757821	0	0	0	0	0	0
TCGA-L5-A4OO-01A-11D-A27G-09	82.7534861954199	0.867041133082846	0	0	0	0	0	0	0	0	0	0	0.987504471065187	0	18.6410026848748	0	7.12524973686079	6.41317865045977	0	0	0	0	0	1.79004505587625	0	0	0	0.0273201353404539	0	0
TCGA-L5-A4OP-01A-11D-A27G-09	55.5495642002597	0	0	16.120341688388	0	10.5994724650166	4.83123803312248	5.97583288533738	0	0.651652201743564	0	0	3.06723756160381	0	0	0	22.8695920423215	1.44790409304627	0	0	2.21775292643734	0	0.19434871592606	0	0	0	0	0	0	0
TCGA-L5-A4OQ-01A-11D-A27G-09	20.5247116621554	0	0	0	0	14.7326637758283	2.56703517886633	8.60025186802494	0	1.25462317541574	0	0	3.63833874741791	0	3.22448940391345	0	6.79351677393251	0	0	0	0	0	0.203476200527335	2.3526201442497	0	0	2.42379423756835	0.321894752838227	3.49824299791795	0
TCGA-L5-A4OR-01A-11D-A27G-09	43.7758093006855	0	0	0	0	24.5767384058058	12.4386053952268	0	0	0	0	0	4.93280010613472	0	0	0	46.6773960811328	14.3748261802789	0	0	0	3.66619354932514	0	20.6914322240878	0	0	0	0	0	0.73127400377066
TCGA-L5-A4OS-01A-11D-A28B-09	31.7878537686536	0	17.2216631102206	0	0	17.5419289985664	0	0	0	2.72488421234201	0	0	23.8904771422297	0	0	0	1.99558434915889	1.70504207179414	4.40104338789907	0	0	2.62690055371745	0	0	0	0	0	0.575428758897779	0	0
TCGA-L5-A4OT-01A-11D-A28B-09	33.0581420858766	0	0	0	0	21.7330739263277	0	0	0	0	0	0	0	0	0	0	256.779395102839	4.07290159153628	0	0	0	0	0	0	0	0	0	0	0	0
TCGA-L5-A4OU-01A-11D-A28B-09	30.4263495700063	0	1.64969214295801	0	0	21.480025505231	2.46610715183164	0	0	0	0	6.30013398222002	0	0	7.3528335656828	11.0543252418789	107.92315951785	0	12.0404271508784	0	0.195807810409022	7.91471602222536	0	0	0	0	0	0	0	0
TCGA-L5-A4OW-01A-11D-A28B-09	84.9629874742584	0	0	0	0	40.8871819384484	27.5646045485727	0	0	0	0	0	12.6531904226298	0	0	0	91.8294469302638	10.9000512758302	0	0	0	1.42986495846431	0	18.9067705859043	0	0	0.37860317534957	0	0	0
TCGA-L5-A4OX-01A-21D-A28B-09	70.9715697352276	0	0	0	0	3.65069259711979	0	0	0	0	0	0	6.30337918089177	0	0	0	56.7549589983115	15.2657285494723	0	0	0.925331804057587	1.47560553397522	0	1.17740210549977	0	0	0	0	8.09905615213393	0
TCGA-L5-A88S-01A-11D-A36J-09	21.2046601154666	0	0.215536080549925	0	0	22.9275115216612	0	0	0	0	0	0	9.06029810599383	0	1.72260463037425	25.1460233501093	0	11.452809527398	0	0	0	0.926935924832585	0	0	0	0	1.80293545773487	0	2.55507171074847	0
TCGA-L5-A88T-01A-11D-A351-09	38.4721684227178	0	0	0	0	0.747705754973149	1.51862180819199	0	0	0	0	0	0	0	4.73334513960643	0.266126983618765	7.73109558198534	0.0354034021069942	7.59158900785733	0	0	0	0	0	0	0	0	0	10.2466815329074	0
TCGA-L5-A88V-01A-11D-A351-09	101.658482807761	0	0	0	0	0	22.9340382867195	27.4656442992878	0	0.682535574508665	0	0	4.84155740132235	0	30.5639855211237	0	1.9266098855047	9.54842589444129	0	0	0	1.7653763877395	0	0	0	0	0	0	0	0
TCGA-L5-A88W-01A-11D-A351-09	62.7863883746639	16.5663797577975	1.25574166191864	0	0	0	6.29656716037421	0	2.39811085805684	7.40495679580073	0	0	18.2839110086371	0	0	18.8120202237074	2.9512412614448	12.5277734969362	0	0	4.8977115872959	2.70626195788503	0	8.82366449009839	0	0	0	0	0	4.193019815173
TCGA-L5-A88Y-01A-11D-A351-09	55.0085181084469	9.77395527824786	0	0	0	0	0	0	0	0	7.34960940215398	0	11.0488326926277	0	9.88664897699428	0	107.804739295958	20.6364693731965	0	0	0	1.62493796642614	0	0	0	0	0	34.5298546364078	0	0
TCGA-L5-A88Z-01A-11D-A36J-09	32.8115699610918	0	9.78601307573803	0	0	10.0575093887416	0	14.7123419667498	0	0.979981554502839	0	0	5.99710746231647	0	0	0	0	3.07722113654791	0	0	3.63859857273226	1.21235993721769	0	0	0	0	0	0	0	0
TCGA-L5-A891-01A-11D-A36J-09	81.8357599142516	5.73085172035952	46.3496333602372	0	0	0	5.65665859036021	0	0.708298003956454	0	0	0	9.06007960367337	7.71033496986737	12.114380661532	2.07610454247565	0	0	0	0	0	0.893710097991626	0	11.0184987235746	0	0	0	0.931695984434146	0	0
TCGA-L5-A893-01A-11D-A36J-09	26.9160928976906	0.684451011926299	1.88271105184939	0	0	40.2631408344144	0	0	0	0	0	0	7.91791362028269	0	0	0	50.3929032688313	1.42878394601187	0	0	0	0	0	0	0	0	0	0	16.5404729325898	0
TCGA-L5-A8NE-01A-11D-A37C-09	5.65728940520143	3.03221588579877	0	0.066978676116951	0	40.51784201033	2.36908338388667	1.96060483479544	0	0	0	0	1.00403415294366	0	35.0228023371158	0	188.285777596052	7.62519076071425	0	0	0	0	0	0	0	0	1.04646376138194	0	0	0
TCGA-L5-A8NF-01A-11D-A37C-09	56.437588418118	0	11.1244086884367	3.97598905793706	0	0	7.48682933726002	6.19434834323692	0	0	0.760793189382393	0	0.995283945272506	0	0	0	11.7693655404025	1.13819138049375	0	0	8.83282443999811	0	0	14.6644550153315	0	0	0	7.23092123691511	12.7250621102828	0
TCGA-L5-A8NG-01A-11D-A37C-09	42.1097632096958	0.248517370547952	21.5273077924639	3.37087870689781	0	11.4546756221261	0	0	2.68648718901488	0	0	0	10.3505539147706	0	0	0	61.9444143714809	5.44317955119319	1.22218968206213	7.12951005124077	0	0.54527702280356	0	0	0	0	0.303296659429891	0	6.60492421477028	1.06580949451047
TCGA-L5-A8NH-01A-11D-A37C-09	57.5017693139572	1.595319109103	0	0	0	2.17383578968468	0	8.9051483594442	10.5088551413903	0	1.47408951873038	0	1.95329827857137	0	14.7183379375054	0	25.507096779338	3.89999168646547	0	0	0	0.564900572439948	0	0	0	0	0	0	21.291690688209	0
TCGA-L5-A8NJ-01A-11D-A36J-09	69.3441993124279	0.724569781864148	0	0	0	14.910852492106	2.30509232944309	16.6527771292224	0	0	0	0	11.971085030725	0	0	0	119.635558808988	12.8991813063199	0	0	0	7.73684588380541	0.706548651961278	0	0	0	0	0	0	0
TCGA-L5-A8NK-01A-21D-A37C-09	36.9886559781028	23.1118666054053	0	0	0	28.0562364247706	25.5320764197672	0	0	18.3385557282932	0	0	81.1697564588444	0	0	0	1.94372332200179	0	0	0	0	0.467576039389844	0	10.4038432631846	0	0	0	0	0	0
TCGA-L5-A8NL-01A-12D-A37C-09	58.867561546116	0	0	0	0	0	0	0	0	5.37654982462488	0	0	2.97028339395537	0	29.9223756127752	0	41.7559806358742	2.59335740420125	0	0	0	0	0	0	0	0	0	2.0792506807958	0	0
TCGA-L5-A8NN-01A-11D-A37C-09	53.97149552565	0	13.629042646238	0	0	0	6.87062377268439	0	0	4.48074431056474	10.8614402300269	0	0.270716337300127	0.59517190511359	9.93071851178371	0	0.78938101471302	4.33486573967037	0	0	0	1.92734411427498	0	15.6431534293607	0	0	1.87897443612076	0	5.20788131642109	0
TCGA-L5-A8NQ-01A-11D-A36J-09	52.2518660661446	64.3146165594473	14.5829424404765	0	0	0	12.0974590247739	0	0	24.7305310522254	0	0	92.0959768892568	0	0	21.8840482734751	0	0	0	0	0	0	0	0	0	0	0	0	0	0
TCGA-L5-A8NR-01A-11D-A37C-09	108.256594494303	1.17282804144297	0	0	0	0	5.11430959180638	0	0	2.42790380583237	0	0	9.34231480410057	6.09415455810595	20.9169476719306	0.253113940853698	82.396251724508	20.1402741608583	0	0	0	0	0	2.03047022472278	0	0	0	0	0	0
TCGA-L5-A8NS-01A-12D-A37C-09	54.9131402078189	0	216.041010566838	0.216311587883212	0	36.8667894074424	16.1652460910556	0	0	2.217967591669	0	0	73.3566425893171	0	3.67698923268957	0	26.1375745292392	0	0	0	15.7032154457027	3.5434111452626	0	17.1899816706751	0	0	0	0	0	0
TCGA-L5-A8NT-01A-11D-A37C-09	55.085816977122	0	0	0	0	0	3.65149490170917	0	0	9.4567914483585	0	0	2.31482273926317	0	29.4430000524234	0	5.58718606197046	3.78303641242387	0	0	0	0	0	0	0	0	0	0	0	0
TCGA-L5-A8NV-01A-11D-A37C-09	58.8941527444221	0.312717891662058	0	26.1249786890922	0	18.8905498815867	14.2031349669475	0	0	6.23177388929023	0	0	0	0	2.01238527595816	0.254127026885582	6.5530848379392	0	0	1.25925245494809	0	0	0	0	0	0	0	0	1.27275985600565	0
TCGA-L5-A8NW-01A-11D-A37C-09	90.0213519695219	0	0	1.16135653788094	0	0	7.31587636705336	0	0	0	8.72866684384683	0	0.336682819589856	0	3.40993239281901	0	30.7654595188834	19.1577621946029	0	0	0	4.00189564813757	0	0	0	0	0	9.96483343740431	0	4.92367236803886
TCGA-L7-A56G-01A-21D-A27G-09	26.3973126444685	5.22149949487195	11.893820335505	0	0	16.0024968341881	0	0	0	0.0185718750019703	0	0	0	0.0503061075908607	0	14.5804957782309	0	0	0	0	0	0	5.04068187345404	3.91726526490807	0	0	3.06099226528502	0	0	0
TCGA-L7-A6VZ-01A-12D-A33E-09	66.8946321899379	0	0	0	0	11.3079192762904	0.124152348571349	0	0	0	0	0	5.37618591497631	0	1.70300686868821	0	48.5866553412765	17.4172996099961	0	0	0	0.646055984802647	1.48043289903167	1.84436564369539	0	0	0	0	2.46527943166532	0
TCGA-LN-A49M-01A-21D-A27G-09	13.3882741386546	76.5015168911329	0	0	0	11.7000242313683	24.8180071477393	0	0	6.10428378318226	0	0	85.2545330345329	0	0	38.5366730064551	0	0	0	0	0	4.70013862241949	0	0	0	5.26915973612778	0	0	0	0
TCGA-LN-A49O-01A-11D-A247-09	19.3867233288079	1.18840114759465	0	0	0	0	0	0	0	0	0	0	3.49711264886266	0	1.21743281777016	64.4526081629545	0	2.40259237383341	0	0	0	0	0	0	0	0.491621755581739	0	0	0	0
TCGA-LN-A49P-01A-11D-A247-09	9.71053753590887	8.51904309100567	20.3509258428864	0	0	17.1336923857029	6.97240839921793	0	0	6.09744191903113	0	0	3.93841051150351	0	0.633585585053723	21.1698077180822	0	0	0	0	0	0.0615214108685913	0	0	0	0	0.578126118687006	0	0	0
TCGA-LN-A49S-01A-11D-A247-09	26.681848835243	20.7767655292139	0	0	0	14.8612374894914	1.71943499782757	0	0	6.8322927895444	0	0	42.5980523163196	0	5.341353139255	65.3794699687926	0	0	0	0	0	0	0	0	0	0	0.167294009965527	0	0	0
TCGA-LN-A49U-01A-31D-A27G-09	24.1656358620505	31.8471240381215	15.1757844991723	0	0	0	10.1872856898601	0	0	6.04184292658949	0	0	38.6883082066934	0	0	47.2461396229467	0	0	0	0	0	0.0166212377110594	0	2.79329817494615	0	0	0.599225397779934	0	0	0
TCGA-LN-A49W-01A-11D-A27G-09	28.5207342759369	0.209049144687556	0	0	0	0	0	0	0	4.28912202045233	0	0	2.18827852634515	0	0	73.5163778051904	0	0	0	0	0	0	0	0	0	0	0	0	0	0
TCGA-LN-A49Y-01A-11D-A27G-09	0	14.8345867224479	0	160.336641594022	0	38.3688758958855	8.95214361451179	0	0	0	0	0	19.0947156616089	0	0	0	0	0	0	0	0	0	0	24.6188803751771	0	0	0	0	0	0
TCGA-LN-A4A1-01A-21D-A27G-09	23.6103251455794	0	0	0	0	5.27353282719528	0	0	0	0	0	0	1.91391428212333	0	0	88.5647217136409	0	0	0	0	0	2.05413238796904	0	17.8134413999519	0	0	0	0	0	0
TCGA-LN-A4A3-01A-11D-A27G-09	20.5622016270084	1.61621375629536	0	0	0	9.13500963190806	0	0	5.29366232253087	0	2.8251921438395	0	2.18697021325077	0	2.47601881717689	5.64770178748875	0	3.28713959785088	0	0	3.07163295952767	3.38982460756589	0	4.4304838887769	0	5.23192576077919	0	0	0	0
TCGA-LN-A4A4-01A-11D-A27G-09	25.039924630495	6.32757047461303	0	11.1645524561169	0	8.19161002339165	0	0	0	0	0	0	12.5459735785331	0	0	57.6737775870237	0	0	0	0	0	2.23796271825828	0	0	0	0	0.100977405521601	0	0	0.283845389660833
TCGA-LN-A4A5-01A-21D-A27G-09	10.0479881506741	0	0	3.88534645513848	0	0	0	4.33519163032787	0	0	2.88478084687345	0	0	6.88633298954994	7.03177811311291	17.6183098575728	2.44545249778435	7.82563975360118	0	0	0	2.91859820848719	0	7.35364541090092	0	0	0	1.90206402306485	0	0
TCGA-LN-A4A8-01A-32D-A27G-09	19.5562520074355	6.43959207774719	0	9.31002988745156	0	0	17.5097152645776	0	0	4.00096702577897	0	0	38.8700993984034	0	0	44.6878018408054	0	3.11782340114353	0	1.51765751138198	0	1.26453933677407	0	0	0	0	0	0	0	0
TCGA-LN-A4A9-01A-11D-A28B-09	3.50431929574674	33.812113033664	0	11.1870062337972	0	0	0	0	0	7.35777308247685	0	0	89.6625637053972	0	16.1242722737007	54.9980995658222	2.49888762681964	11.0624332222283	0	0	0	2.23214200827558	0	0.653648668378246	0	0	0	6.29318241624568	6.17656438144289	0
TCGA-LN-A4MQ-01A-11D-A28B-09	0	0	6.68805974042961	0	0	32.3983914352185	8.34150287688075	9.21791389536434	0	0.644614269932447	0	0	5.97073386611852	0	7.8517577357948	9.65313651581967	0	4.00433782244864	1.39662126701954	0	2.34404151629798	0	0	3.15994968683319	0	0	0	0	0	0
TCGA-LN-A5U6-01A-11D-A28B-09	26.888966890596	1.97093970252655	0	0	0	0	0	0	0	0	2.35617530993648	0	4.19464677250324	0	25.6136492084476	17.8681819523835	0	0	0	0	3.25060852311552	1.76388163735312	0	0	0	0	0	0	28.9341464239521	0
TCGA-LN-A5U7-01A-11D-A31U-09	27.6530074100409	3.10287647850546	36.6504989355948	0	0	1.13226573952552	0	0	0	7.43441870261216	0	0	17.1672447974794	0	4.67617479485051	33.4022684580519	0	0.847642670882575	6.71221435947138	0	0	0	0	4.51061543878613	0	0	0	0	0	0
TCGA-LN-A7HV-01A-21D-A351-09	22.8057732985625	0	0	0	0	0	0.606125247720326	7.37102352787975	0	0	0	0	1.81786573299885	0	0	82.3386222901882	0	0	0	0	0	0	0	0	0	0	0	0	1.47393281288701	0
TCGA-LN-A7HW-01A-22D-A351-09	29.5185889766463	5.17913333789389	11.0996285812592	0	0	0	8.61689600209535	12.7945381913747	0	2.78114807625538	0	0	24.1173853358037	0	0	9.63315420656649	0	0	0	0	0	0	0	2.14736548066278	0	0	0	0	1.16831668149223	0
TCGA-LN-A7HX-01A-11D-A33E-09	30.9731657839683	13.6344348995203	25.7976794361068	0	0	0	0	22.8943675299021	0	0	0	0	9.54283920246109	0	2.79675597322441	12.443574600543	0	0	0	1.6092439692265	0	0	0	2.26714535321552	0	0	1.81594532252213	0	5.66681212205436	0
TCGA-LN-A7HY-01A-12D-A351-09	32.6770494888553	3.74912342563685	18.6548861364042	0	0	0	10.7118404478292	12.3692450130388	0	0.300117967805049	0	4.46877227234723	19.819064903149	0	20.4417983422817	16.3724099806983	0	0	0	0	0	1.59627995462074	0	14.6326715093529	0	4.56028100985142	0.109759845603938	0	0	0
TCGA-LN-A7HZ-01A-31D-A351-09	17.7197945998977	0	0	0	0	0	0	0	0	2.50728249345178	0	0	9.9714686374642	0	1.71721026706446	44.4179861552043	0	0	0	0	0	0	0	1.03625154221247	0	0	0.800750820698181	0	0	0
TCGA-LN-A8HZ-01A-11D-A36J-09	11.6706326510338	2.99698926803325	0	0	0	8.20109505053508	7.69120370540641	26.864180979545	0	2.92235952297912	0	0	5.69922925323303	0	0	33.3532402681538	0	5.59762468758752	0	0.474608932384736	0	3.81691665084762	0	5.31446045605639	0	0	0	0	0	0
TCGA-LN-A8I0-01A-11D-A36J-09	27.7804237916569	4.1154088203171	0	3.71881955707734	0	0	2.11127929711173	7.74704948043498	0	0	0	0	2.63097357245424	0	0	3.70572323906608	0	0	0	0	0	0	0	6.78016045709039	0.317912183415468	0	0.972688558995438	0	0	0
TCGA-LN-A8I1-01A-11D-A36J-09	18.4275872721364	0	0	0	0	17.9585533948526	4.84937895395348	1.47013575100344	0	0	0	0	6.31996420405072	0	2.26485807015514	62.8351247353928	0	0	0	0	0	0	0	0	0	0	0	0	2.83089898162687	0
TCGA-LN-A9FO-01A-11D-A387-09	11.7940771758243	0	0	0	0	15.6582356653176	2.90100133722218	0	0	0	0	0	29.1867770514737	0	2.95761421118867	60.2765160026419	0	0	0	0	0	0	0	5.67646468324223	0	0	0	0	0	0
TCGA-LN-A9FP-01A-31D-A387-09	22.3748460914947	23.2692914254447	0	368.691005113471	0	0	6.57403059734725	0	0	6.04783060745206	0	0	30.222151830459	0	0	0	0	0	0	0	0	0	0	16.4786827977421	0	0	0	0	0	0
TCGA-LN-A9FQ-01A-31D-A387-09	17.6932699168551	8.54599538875015	25.4198371515874	0	0	14.4221110994425	4.36216837044131	0	0	0	0	0	12.9758229927356	0	1.74866436106371	8.87160649831064	0	0	0	0	0	0	2.86737600004443	1.64410044507023	0	0	0	0	0	10.4905038029926
TCGA-LN-A9FR-01A-11D-A387-09	11.2799818284613	0	0	13.1859116550463	0	0	0	2.45589736289921	0	4.04628142875971	0	0	5.28452495446051	0	7.92914052224638	38.3206407805749	0	0	0	0	0	0.807960993601357	0	9.63576642819865	0	0	0	0	0	0
TCGA-Q9-A6FW-01A-31D-A31U-09	78.1672027394448	0	11.3195450560781	6.06473668559329	0	0	12.5866568668307	0	0	18.3539413730979	0	0	8.11933712161851	0	23.341813811753	0	59.2471673909721	0	1.54300998964818	0	0	0	1.96339078762326	0	0	0	0	0	0	0
TCGA-R6-A6DN-01B-11D-A31U-09	73.4528661126618	0	0	0	0	0	2.80133685899013	0	0	0	0	0	1.1577733665128	0	18.3900024021533	0	17.9118579148415	4.84554016484674	0	0	0	0.456522111877218	0	0	0	0	0	0	0	0
TCGA-R6-A6DQ-01B-11D-A31U-09	37.0414937422691	0	0	0	0	22.9491631593293	0	0	0	0	2.92085772324552	6.44397998939781	2.88529454407811	0	0	1.83546223171597	1.85025573726315	8.4537560966615	0	0	0	0.238008656774625	0	0.0143573247664906	0	0	0	0	0	0
TCGA-R6-A6KZ-01A-11D-A31U-09	57.5396841790166	0	0	0	0	12.1282189216305	11.0483923234456	0	0	4.25603713369153	0	0	4.70777003593558	0	0	0	71.868201809029	6.05578909861101	0	0	0	0.641257915446179	0	8.91384084917089	0	0	0	0	0	0
TCGA-R6-A6L4-01A-11D-A31U-09	0	0.992183555799329	0	8.51978895158606	0	20.9849380982212	0	0	0	4.04390873784481	0	0	9.04466971088516	0	0.373504088603818	0	74.9564179862531	7.46163663954552	0	0.932652754294056	3.23085858595563	0	4.43815382016878	1.18113941777331	0	0	0.531788151184113	0	0	0
TCGA-R6-A6XG-01B-11D-A33E-09	95.5546233738058	0	0	4.18790752159729	0	0	11.3973381898486	0	0	0	0	0	5.0080292099693	0	21.3862252707203	0	49.268113811498	0	0	0	0	4.94616529871196	0	0	0	0	0	0	21.29014118686	0
TCGA-R6-A6XQ-01B-11D-A33E-09	53.066476397053	2.56728251115744	0	0	0	7.44638010470205	0	0	0	0	5.28551588059111	0	0.781405395328063	0	19.4555612948225	0	0	6.19949717496464	0	0	0	1.06903004920282	0	0	0	0	0	0	0	0
TCGA-R6-A6Y0-01B-11D-A33E-09	40.3757722925016	0.898506446888096	34.3948100284528	0	0	0	8.12798905417555	0	0	11.7297149815921	0	0	45.8855481985426	0	0	17.7139280393456	29.6003686796678	0	0	0	0	4.87884745986551	0	0	0	3.73927678666116	0	1.49025893945538	15.3851069134186	0
TCGA-R6-A8W5-01B-11D-A37C-09	10.7934981487923	6.19587803542498	0	0	0	11.4918058071073	0.509051918611358	0	0	13.8751962534578	7.46047698801899	0	4.16062747420457	0	15.7123791193499	0	32.8628002461169	0	0	0	0	8.14199305621843	0	6.25415333282484	0	0	0	0	0	0
TCGA-R6-A8W8-01B-11D-A37C-09	65.7849000687256	0	3.92127834603769	0	0	43.1846190677745	10.2000239316657	0	0	0	0	0	4.4298278449763	0	0	0	23.1521616764237	0	0	0	0	0	0	2.21350912101769	0	0	0	0	0	0
TCGA-R6-A8WC-01A-11D-A37C-09	55.9055142575105	1.5219213500946	0	0	0	0	13.0510156710885	0	0	2.22878100427158	0	0	4.67105464530974	0	32.2972142120824	0	23.8581942189642	15.1821105443543	0	0	0	0.595263898438237	0	0	0	0	0	1.13245003956758	0	0
TCGA-R6-A8WG-01A-11D-A37C-09	47.8087694699757	5.88954550964015	21.0817255373176	0.595305976928762	0	4.49803115281329	3.35443559162688	0	0	0	0	0	0	0	0	0	31.2056748417412	0	0	0	0	0.121227830174392	0	0	0	0	0.919702275525358	0	10.9226207064799	0
TCGA-RE-A7BO-01A-11D-A33E-09	51.0444739501517	0	0	0	0	0	0	0	0	0.878637184202255	0	0	12.1802214194806	0	17.97473416793	0	158.293081189892	0	0	0	0	2.98448453474405	0	0	0	0	0	0	15.4256986101791	0
TCGA-S8-A6BV-01A-21D-A31U-09	86.1077328923544	3.59945531638854	0	0	0	0	0	0	0	0	0	0	6.634519192106	0	0	0	30.8640176087729	0	0	0	3.38711990689649	2.22949655015853	0	0	0	0	0	0.358133816309144	10.6913456870343	0
TCGA-S8-A6BW-01A-11D-A31U-09	18.1335553823241	33.4400078339782	3.93309059914296	0	0	0.352378513924624	7.23170034941925	0.275034468826041	0	0	0	0	12.5725442733844	0	3.63879558185899	12.5727286762121	0	0	0	0	0	2.38506378275876	0	0	0	0	0	0	16.2266042652443	0
TCGA-V5-A7RB-01A-11D-A351-09	68.7512511691716	0	22.9447052766063	0	0	46.1500304375834	2.43550227747007	0	0	0	0	0	22.3887763806592	0	0.924280951032916	0	59.1520582983372	0.814883323626143	0	0	1.86097716267202	3.94584070923986	0	17.7299119465495	0	0	0	23.1906802325845	0	0
TCGA-V5-A7RC-06A-11D-A403-09	3.36790159045173	0	0	0	0	6.42228410600966	0.120680825852223	0	0	0	0	0	6.36377867110434	0.393168115518223	0	72.9234323463155	0	1.56613473193654	0	7.92934789467983	0	0	0	6.92351572344185	0	0	0	0	8.12916114707021	0
TCGA-V5-A7RE-01A-11D-A351-09	69.3810420732602	1.16596776067387	17.9543222925615	0	0	7.96042890972271	8.68188956153238	0	0	3.13103422524196	16.2549360268324	0	18.4985176054933	0	0	0	11.0145173350847	10.0743848812488	0	0	0	0	0	2.64340231076085	0	0	0	5.47314810810339	0	0
TCGA-V5-AASV-01A-11D-A387-09	63.3835648489986	0	0	0	0	0	10.9180201453812	0	0	4.93941964906784	0	0	0	0	3.72364171112008	0	1.8647888922694	4.57195797928806	0	0	0	1.50322773937903	0	0.499285227269098	0	0	0	0.784224870446566	21.9897848455778	0
TCGA-V5-AASW-01A-11D-A403-09	47.8424594918633	1.99262034370667	0	0	0	24.8079669829938	20.7154768932071	0	0	0	7.53645408391288	0	9.65025593986364	0	0	6.44812149489352	12.6626504962102	0	0	0	1.71385339796923	0	0.0486297110519508	0	6.06852043648777	0.483122931895442	0	0	4.57965238059789	6.71028881563015
TCGA-V5-AASX-01A-11D-A387-09	166.883962479788	16.6892959687037	0	0	0	8.97865261582116	22.4415021845601	12.3100345243111	0	0	0	0	28.5342180523758	0	14.8229025811069	0	64.254881428915	2.6249613734041	0	0	0	0	0	0	0	0	1.30293435781974	0	0	0
TCGA-VR-A8EO-01A-11D-A36J-09	17.0196095699301	0	0	0	0	0	6.81178131863601	0	1.78854773171596	9.1573406573354	0	0	2.67192184262324	0	0	0	0.676518015317758	5.45022292481837	0	5.41267387793218	1.31186239768109	1.2088024090781	0	0	0	0	1.34419928549234	0	1.49106370231954	0
TCGA-VR-A8EP-01A-31D-A403-09	3.76531316147284	0	10.3325268790942	0	0	13.0517432658444	2.135771661211	0	0	0	0	0	34.2554974587627	0	0	26.035360336419	0	0	0	9.25884326315136	0	5.88979296721522	0	0	0	6.77323289100476	0	0	6.02359315547	0
TCGA-VR-A8EQ-01A-11D-A36J-09	85.4812508769071	4.88760574715154	0	0	0	0	3.38782244704639	0	0	4.52809673542007	0	0	0.549628709924225	0	13.5083776803073	0	93.5163038483915	0	0	0	0	0	0	0	0	0	0	0	0	0
TCGA-VR-A8ET-01A-11D-A403-09	7.37158563283904	0.604535798065514	0	0	0	0	0.496576185183088	6.51802235001103	0	1.69402112605922	0	0	1.04971642242224	0	0	0	2.25488695472818	0	0	0	0	0	0	4.63024996074304	0	0	0.251467368497879	0	0	0
TCGA-VR-A8EX-01A-11D-A36J-09	22.0264092122662	15.0606425382082	0	0	0	3.09061516800116	0	0	0	11.7828867447719	0	0	45.3047491915396	0	13.1927269072165	33.1677571895928	0	0	0	0	0	4.8527912440522	0	0	0	0	0	0	1.12594200029982	0
TCGA-VR-A8EY-01A-11D-A36J-09	13.4194469401951	0.658503683852379	5.44563765776958	0	17.5215556561063	10.8503374717866	4.94290455626221	0	0	3.33689624490847	6.51439537152275	2.32900041429552	13.8369684057761	0	0	0	0	11.6776378225632	0	0	0	0	0	8.64426040771253	0	0	0	5.31206695361725	4.02164949581928	0.285762345710517
TCGA-VR-A8EZ-01A-11D-A36J-09	0	0	58.6886710814124	26.2438699329311	20.9440707046182	3.20155305084656	0	0	0	15.6666346097441	0	0	27.3293566227721	0	4.24680895410279	6.00988443539119	3.26625963890528	10.6640456788681	0	0	2.27108808305168	1.49671377083637	0	9.95721019041516	0	3.49715432283863	0	0	0	4.10532935814671
TCGA-VR-A8Q7-01A-11D-A37C-09	24.6212894226432	0	23.837345414969	0.168718835806539	0	0	8.93455130983262	0	2.06962335152442	0.329773467793363	0.266356773673706	10.1508992810726	5.42557282536741	0	7.61416790518157	0	10.5939718790937	0	0	0	0	0	0	12.0548153142326	0	0	1.57906107795146	0	0	0
TCGA-VR-AA4D-01A-11D-A37C-09	63.2693388506147	0	0	0	0	24.1002600674871	1.60785209700313	1.25545284635525	0.458681741761376	0	0	0	0	0	0	0	9.18467841011673	3.02092636497109	0	0	0	1.88693308584247	0	0	0	0	0	0	0	0
TCGA-VR-AA4G-01A-11D-A37C-09	1.58462494722892	0	0	0	0	20.7256919929124	6.80464785720574	11.6365703844469	0	0	0	0	5.83387448631088	0	0	21.9973958599255	0	8.42128846993744	0	0	0	1.77495366685619	0	0	0	5.0591310792158	0	0	0	0
TCGA-VR-AA7I-01A-11D-A403-09	0	2.92198020722149	0	0	0	0	8.72737532612805	0	0	0.698577452478292	0	0	8.19147431721227	0	39.8671706419647	56.7548818494053	0	19.4549845702933	0	0	0	0	0	0	0	0	0	3.62400452046232	5.3746760108019	0
TCGA-Z6-A8JD-01A-11D-A36J-09	38.3363861015349	7.59300438627991	13.7791384740548	0	0	0	13.3244905199878	0	0	9.04884527575227	0	0	97.945867662233	0	0	25.5824923794581	0.808662118826163	0	0	0	0	0.94705800276846	0	4.40120905848295	0	0	1.69854880688906	0	0	0
TCGA-Z6-A8JE-01A-11D-A37C-09	41.4712032461798	1.94777472113895	27.7323044904396	4.27670211294474	0	0	24.0794829187778	0	0	13.4469379459737	0	0	67.9854859434794	0	0	0	1.03323152445183	0	0	8.14318362934605	0	0	0	25.1820612794353	0	0	0	0	0	0
TCGA-Z6-A9VB-01A-21D-A37C-09	44.7715865605687	0	0	15.4799063926929	0	4.10125693239389	0	0	4.009472507943	0	0	0	4.85822710047403	0	6.12443756983894	10.7014396635952	0	14.9953099035441	0	0	0	0	0	0	0	0	0	0	0	0
TCGA-Z6-AAPN-01A-11D-A403-09	30.46574441076	0	47.9743265968407	0	0	0.948301678014443	36.5018439801703	0	0	13.2419369554246	0	0	272.356972600072	0	0	0	7.6258989849742	0	0	0	0	0	0	7.47722951160691	0	0	0	0	0	0
