Sample	Signature.1	Signature.2	Signature.3	Signature.4	Signature.5	Signature.6	Signature.7	Signature.8	Signature.9	Signature.10	Signature.11	Signature.12	Signature.13	Signature.14	Signature.15	Signature.16	Signature.17	Signature.18	Signature.19	Signature.20	Signature.21	Signature.22	Signature.23	Signature.24	Signature.25	Signature.26	Signature.27	Signature.28	Signature.29	Signature.30
TCGA-2K-A9WE-01A-11D-A382-10	0	0.721328187771103	6.52237104790935	4.16897959437215	0	3.71103285603059	0	0	8.97537240195528	0	3.05806315318326	3.28753851117205	0	0	1.89225616981682	0	0.492812820842163	0	0	6.95145348874719	0	1.19086455400173	0	0	0	2.17447525698755	0	0	0	0
TCGA-2Z-A9J1-01A-11D-A382-10	0.949385710489553	1.13736920705555	16.8881324705217	0	0	0	0	21.8144166634416	0	1.52223808079087	0	0	1.5948576544546	0	15.7194600302202	0	0	0	0	0	0	9.22662468390178	0	10.1599690979621	0	0	0	7.40363530536517	0	0
TCGA-2Z-A9J2-01A-11D-A382-10	0	4.42145915711602	26.2426091517648	0	0	6.60891547508168	0	0	0	0.637629288663526	0	9.41917160704487	0.771927018135828	0.983753585145178	0	0	0	8.52991934807901	0	4.49500134002103	0	5.35486217121686	0	0	0	0	0	6.2638970964382	0	0
TCGA-2Z-A9J3-01A-12D-A382-10	7.37190699711705	0	19.707354860421	33.2701935218989	0	0	0	2.83491855093411	0	2.9328408217376	6.76029784538214	18.4126969864597	0.3527089333174	2.75341473601349	0	0	10.7379297603055	0	0	0.604126959222212	0	0	0	0	0	6.93218760095665	0	5.09589396706491	0	0
TCGA-2Z-A9J5-01A-21D-A382-10	5.81204864029165	0	22.4414693596973	0	8.66301581101525	0	11.1378505398112	13.0750248363671	0	0	4.19319282150117	8.96411115212526	0.197065468847794	0	2.63684491045998	0	0	0	0	0	1.36134936917273	6.40052073550669	0	0	0	0	0	1.04123773596809	0	0.864923266953929
TCGA-2Z-A9J6-01A-11D-A382-10	5.58860300064011	1.57123430800423	0	4.33877102232733	0	0	2.13337853260888	15.4244745448189	0	0	0	0	0	0	0	0	2.38298204725763	0	2.66264445791096	12.6364324867835	0	1.42131133125869	0	0	0	0	0.49732813517416	1.85125578201571	0	0
TCGA-2Z-A9J7-01A-11D-A382-10	11.3066988880863	1.94335107528042	0	0	0	0	4.78073185545473	0	0	2.57694448273583	0	5.08927344538148	0.820294419853801	0	4.98567987137344	0.957148156176102	0	0	0	0	0	6.80404116793261	0	0	0	0	0	0	0	0
TCGA-2Z-A9J8-01A-11D-A42J-10	0	0	7.25810022626179	9.63708931325717	0	0	0.599656172753537	0	0	0.140300220379578	0	0	0.801710477587336	1.37323671169198	0	0	2.20507478794879	0	6.32184918263249	0	0	0	0	0	0	0	0	0	0	0
TCGA-2Z-A9JD-01A-11D-A42J-10	0	0	21.1066100107189	0.29576327607042	0	0	4.20511064999924	2.28221095662251	0	0	0	29.3701160024848	5.66852586185929	0	2.96822187010164	21.3400727206263	0	0	0	5.50676645555807	0	0	0	3.28576507603667	0	0	0	1.14313430872037	0	0
TCGA-2Z-A9JE-01A-11D-A42J-10	10.0447403519927	0	16.4281035182126	22.1116527302492	0	0	7.75644101431299	0	0	0	0	8.73875837201953	3.08034932910746	1.25538804136481	0	0	0	3.51319960973454	5.03865116374464	1.68812137330788	4.02592907099839	0	0	4.26250054383143	0	0	5.06392392206903	0	0	0
TCGA-2Z-A9JG-01A-11D-A42J-10	7.74493688483782	0	10.5766346185037	0	0	0.394556168361992	0	0	6.93253552519237	0	1.68284385682981	0.178224130952443	0	0	9.37092262273466	23.7194395088507	1.36954402282738	0	0	0	2.8053625018839	0	0	3.48396348668106	0	0.946728109005357	0	1.83852817883114	0	1.6686374444059
TCGA-2Z-A9JI-01A-11D-A42J-10	3.59506407597159	0	0	0	0	1.6123306455512	0	0	0	0	0.075296586175553	0	0	0	0	0	2.22395631106976	0	0	0	1.37757641868471	0	0	5.30430958834036	0	0	0	0	0	3.01745333870031
TCGA-2Z-A9JJ-01A-11D-A42J-10	0	0	0	0	0	8.21452331293786	0	0	0	0	0	4.86789124975673	0	0	0	0	0	5.12080145377014	0	0	0	0	0	0	0	0	0	3.11068589202126	1.86468006734261	0
TCGA-2Z-A9JK-01A-11D-A42J-10	17.1354545240882	3.26136824043323	24.1938688163295	4.08263562248202	0	0	5.60397794955452	0	0	0	0	0	0	4.41833371959542	0	0	0	7.36222399302701	0	0	0	4.00337274161827	0	0	0	11.0821978490488	0	0.121414468838981	0	0
TCGA-2Z-A9JL-01A-11D-A42J-10	0	0	21.5149640549466	0	0	0	3.11159649843345	5.62483239690455	4.81468380292544	0	0	6.54246548085095	0	0	0.517771609604971	0	1.02164200794915	1.61559182491803	0	6.62190487752921	5.56870479314984	0	0.674727901565082	0	0	0	0	5.05942618307108	14.030034433159	0
TCGA-2Z-A9JM-01A-12D-A42J-10	0	0	6.44651245144739	0	0	0	4.82953391029672	10.1819099457657	0.601014107110625	2.09758216006893	1.34823343983703	2.14485686815287	2.68493586735977	0	6.62948925187787	0	0	4.1622081570865	3.26582008701414	3.90379910626345	0	0	0	0	0.433907435135673	1.18094695716363	0	0	0	0
TCGA-2Z-A9JN-01A-21D-A42J-10	6.18710228392606	0	0	0	0	1.08833729069984	0	0	0	0	1.0876778687526	4.68529835627805	0	0	0	0	0	0.615754219010584	0	0	0	0	0.206282564554803	0	0	0	0	0	3.10303828499655	0
TCGA-2Z-A9JO-01A-11D-A42J-10	1.52182526240471	2.92619602251377	2.80344858945701	0	0	5.98063712370496	0	6.96945265087862	4.24768635947914	0	0	0.8594765668408	0.588924928140273	0	0	0	0	0	0	0	0	0	0	0	0	0	1.47461093417142	2.28461937151175	1.61967594294564	0
TCGA-2Z-A9JP-01A-11D-A42J-10	4.71287871882786	0	0	0	0	0	0.440947774692349	0	4.53388310537944	2.7650427482605	0	7.30221086952106	2.62583515797863	0	2.24338907110883	0	2.16513283426018	0	0	7.65505329871082	10.9117241174565	2.19040809489305	0	5.26470544601636	3.88633771817216	0	0	0	0	0
TCGA-2Z-A9JQ-01A-11D-A42J-10	0.0403856716658044	1.10525383897411	25.4942310444202	14.7267373193022	0	10.4653828665606	5.20344402812131	0	0	0	5.66727360027293	10.6517250050323	1.20681157204527	0	0	0	0	0	0	1.30498792628145	0	0.802904541078163	0	1.16547127155917	0	0	0	0	0	0
TCGA-2Z-A9JR-01A-12D-A42J-10	3.30404399284508	0	0	0	0	0	0	8.65568765459123	0	0	0	5.74541347838148	1.94226751490927	0	0	0	0.210047585482695	0	8.35486108242183	0	0	1.3014602213687	3.62243909825091	5.27362603492917	0	0	0.0235361256832563	0	0	0
TCGA-2Z-A9JS-01A-21D-A42J-10	10.4924171190528	0	21.2371706436237	0	0	0	0.230935406406053	12.892129869086	0	0	7.89051340952963	0	0	0	2.38338073625469	1.89265552209931	0	0	0	22.4552824518395	3.52318592961628	2.86302568085011	0	5.96795631234027	0	0	3.78034092495356	8.51943699158496	0	0
TCGA-2Z-A9JT-01A-11D-A42J-10	0	0	9.69924106155642	0	0	9.73336524792715	1.95800690464866	0	0	0.0284794534197624	0	6.33286411673754	0.562226421677733	2.63111925150941	13.2350051239702	20.0270642973695	2.8807413431179	0	0	0	0	0	0	3.3960297720394	0	0	0	0	0	0
TCGA-4A-A93W-01A-11D-A36X-10	2.28053881909306	3.84332214608878	44.8554027474523	13.6782189161557	0	4.00984915324245	0	0	0	3.70960112897074	0	0	0	0	0.357684553753138	6.74353585080156	0	0	0	0	0	5.82094836956407	0	0	0	0	0	6.3974832729141	0	0
TCGA-4A-A93X-01A-11D-A36X-10	13.5498451509439	0	8.61380039131517	4.38580494948865	0	0	0	0	13.5135456803523	0	0	0	0	0	0	2.14734588206493	3.30188791742482	0	5.13700762024618	0	0	0.243726531054043	5.15193289075357	19.0015163796182	0	0	0	9.12735220121838	2.86505502611685	1.13314630956634
TCGA-4A-A93Y-01A-11D-A36X-10	0	0	0	0	0	0	0	17.0605754844038	0	0	0	2.27295349573864	0	0	0	0.374348738936214	1.95397930017363	0	0	0.870020363463963	0	0	1.29877621203671	0	0	0	0	0	5.12447945452559	0
TCGA-5P-A9JU-01A-11D-A42J-10	16.4813407925681	0	7.47376406697189	2.38610080416777	0	0	0.433976147071205	0	0	3.82983892478912	0	0	0	2.7447636608102	0	0	0	0	0	5.93297571217389	0	0	0	5.75310739173645	2.85833786009468	0	1.69302375923732	5.71172424093081	6.69418116113919	0
TCGA-5P-A9JV-01A-12D-A42J-10	5.20176191125828	0	7.20019265929376	0	0	0	1.72505561645486	0	0	1.73384041658299	0	0	0	0	0	14.9775617564406	0	1.87533376862572	0	0.390695125697758	5.06073566804456	0.71308750703505	0	0.0142909321408815	0	0	1.35414039720656	2.8143602908726	2.6773361552869	0
TCGA-5P-A9JW-01A-11D-A42J-10	1.61337196582889	0	0	14.869031698594	40.6501241879897	0	0.85649392690892	0	0	0	4.34559986373184	3.46004017744232	4.39601260194192	0	0	0	0	0.859348591841925	0	4.37441960402807	0	2.11797779803374	0	0	0	0	0	5.51429223719938	0	0
TCGA-5P-A9JY-01A-11D-A42J-10	2.97513963137452	0	25.674037788995	4.83212469281429	0	18.3402619088753	3.8631127014045	0	0	4.99058289598554	0	0	2.09405726557907	2.93709036407647	0	0	0	0	0	9.77867148992295	0	6.4712731563672	0	6.54347236177234	0	5.30952324288264	0	0.401816489368898	0	0
TCGA-5P-A9JZ-01A-11D-A42J-10	7.25387597545317	0	20.8265960838886	0	0	4.56856507239194	0.770206610139715	0	0	0.0492257104230638	0	0	0	0	0	0	2.27627173565926	0	0	0	0	0.67527305262214	0	9.89631750179307	0	0	0	0	2.49928681444119	0
TCGA-5P-A9K0-01A-11D-A42J-10	6.17775385098741	0	24.0688442727758	7.95649083911091	0	0	0	0	1.89253423728954	1.25813185388908	0	0	0	0	0	0	0	0	0	3.89861288872384	0.492568660153845	2.34018719218764	0	9.28434472964298	0	0	0	10.2901564251716	6.82269268068561	0
TCGA-5P-A9K2-01A-11D-A42J-10	15.2474903999947	0	11.0507780895727	0	0	0	0	0	0	0	0	10.7625403695602	0.75140528010891	0	0	3.81145065982476	0	7.61096033005038	0	7.8110719976979	0	7.4910276937224	0	0	0	0	0	1.48433621898739	0	0
TCGA-5P-A9K3-01A-11D-A42J-10	8.17612136283048	3.21110346869646	12.3837538593572	0	1.05807947836104	6.92625987842886	3.04559527327982	0	0	3.29497821610261	0	0	3.73894335865833	0	1.31721399557168	1.31407685602907	1.01774757778521	0	0	0	1.28441771140517	2.99820007013676	0.598467713231769	4.94693968982041	0	0	0	4.90268488215856	0	0
TCGA-5P-A9K6-01A-11D-A42J-10	0	0.596136735113902	14.1793518446879	3.51284103051446	0	3.02618290686716	0	0	3.93579437273832	0	0	0	1.42106878469641	0	0	0	0	4.36358901275962	0	9.81922283425232	0.209820513425351	0.970850669257652	0	0	0	0	0	3.20020069975223	0	0
TCGA-5P-A9K8-01A-11D-A42J-10	8.1373587725854	0	0	0	0	0	0	0	0	0	0	1.37966619678172	0	0	1.90966863204041	0	0	0	0	0	0	0	0	8.08446658547039	0	0	0	0	0	0
TCGA-5P-A9KA-01A-11D-A42J-10	0	0.0419801851661506	27.2781065600518	0	2.32450974574752	0	0	16.4341949049814	0	0	0	4.89186139003682	0	0	0	0	0	6.97335385626971	0	6.69589951083404	0	0	0	0	0	0	0	6.85511741352577	0	3.67521091093097
TCGA-5P-A9KC-01A-11D-A42J-10	0	3.95951728334691	15.9298775068221	1.55881176641157	0	0	9.15568887464969	0	0	0.34820609964516	0	0	0	0	4.77712036754862	0	0	0	0	2.76227075913745	2.07720756774681	10.3241848945808	0	15.7376589712733	0	11.8195022681528	0	0	0	0
TCGA-5P-A9KE-01A-11D-A42J-10	0	0	25.5897647506387	0	0	7.27181825701537	3.90903172530937	19.1397484116797	0	0	0	0	0	4.27587890196268	2.7997304855089	0	4.2907250223466	0	0	0	0	0	0	0	0	7.88116954762361	0.594459950053824	0	0	0
TCGA-5P-A9KH-01A-11D-A42J-10	9.68285474679332	1.72436291616868	0	0	0	0	0	6.59843805562295	0	0	0	0	0	0	0	0	0.296615127657044	2.05240797654628	0	0.327019335793288	0.0958354925521638	0	4.9749352621315	0.548737112446225	0	0	0	0	0	0
TCGA-AL-3466-01A-01D-1252-08	10.2743232694996	0.268176205562729	0	0	0	0	0	1.24790487790853	0	2.7030905696947	0	0	2.03124773799968	3.68842618904823	0.177874153889729	0	1.66623180000907	0	0	0.951286112610099	2.79397787287783	1.17864211667643	2.47898268273703	0	0	0	0	0	0	0
TCGA-AL-3467-01A-01D-1252-08	0	1.27874679292209	1.31733842429782	0	0	0	0	0	0	0.173525056107047	0	0.844018986602911	0	0	0	0.872566009533736	0	0.379128511575035	0	2.67698795960647	0	0	1.65516070551958	0	1.14221071569578	0.0031653542468023	0	0.2267669407167	3.80082754645764	0
TCGA-AL-3472-01A-01D-1252-08	4.49145973319464	0	16.1281488317023	0	0	7.00192219720743	6.56485785643445	1.38001141233847	0	0	1.02825745865865	0	0	0	2.11019677360671	0	0	0	0	0	1.04437548588307	0	0	3.21902470695664	0	0	0	0	0	0
TCGA-AL-3473-01A-01D-1252-08	0	0	0	0	0	7.44614570478607	2.21835972087574	0	0	0.242345058474504	0	0	1.27921293381817	0	1.52108099673719	0	0	0	0	0	0	8.28879422743671	5.10574365259942	8.07299010348002	0	0	0	6.02004712956815	5.13074329838915	0
TCGA-AL-7173-01A-11D-2136-08	7.07070334074951	0	33.7126757044883	0	0	0	2.5515010978008	0	0	0	0	0.707607105872846	5.28938612824589	0	0	0	0	0	0	3.62569461444565	0	1.9320065926837	0	0	0	0	0	0	0	0
TCGA-AL-A5DJ-01A-11D-A26P-10	15.5260392582007	2.05265180366203	0	0	0	4.020716326807	0	0	0	5.80357502808833	0	0	0	0	0	0	3.04732936324762	0	0	0	0	1.49729151680398	0	8.55652451602865	0	0	0	0	0	0
TCGA-B9-4115-01A-01D-1553-08	0	0	10.8368495007391	12.0443074823534	0	0	1.91950714416759	0	1.98574287236477	0	0	0	0	5.36103870779486	7.49138168332468	0	1.24684361366626	5.30321293899611	0	0	0.616652988566906	0.660986904508871	4.20835312383429	0	0	0	0	0	0	0
TCGA-B9-4116-01A-01D-1252-08	0.958917889942665	0	19.5842042642479	1.03914291177696	0	0	4.61093317834199	0	0	0	0.654187149837978	0	0	1.20783987845687	0	0	8.11429775416258	4.51391151378382	0	8.1335468961544	3.87514283336142	6.78333904883976	0	0	0	0	0	0	0	0
TCGA-B9-4117-01A-01D-1252-08	2.27582969723697	0	4.820604062666	0	0	0	0.068901350974502	7.70651353692619	0	1.03274256247207	0	0	2.21636736507247	0	0	1.10601184299977	0	0	2.7124277814203	2.19383997094831	0	6.48618608803273	0	0	0	0	0.168625688774791	5.35008702392912	0	0
TCGA-B9-4617-01A-01D-1252-08	3.28378798636834	0	3.99235106412768	3.46626652216635	0	0	0	3.94461051550961	0	0	0	6.35729161943404	0	0	2.57638775999362	0.163997838360755	3.25120071256477	0	0	0	0	2.40078219937812	1.7220131142358	0	0	0	0	1.16426468296019	0	2.46684693825129
TCGA-B9-5155-01A-01D-1589-08	0	3.55617818666358	48.7090590232146	0	2.96897253008134	0.842591046156597	0	0	0	0.745096668625003	0	19.1070429957649	0	2.07903144117657	0.337969037779208	0	5.60751684444862	0	0	0	0	0	0	0	0	0	0	0	0	5.8640702626432
TCGA-B9-5156-01A-01D-1589-08	0	1.96577297824733	7.37527979918144	0	0	0	0	0	0	0.0396909428501216	0	5.22556748333209	2.54075377043119	0	4.36783195336425	2.37962315031518	0	14.2126555281568	0	4.83233820289625	0	4.16134878561621	0	2.02681676758674	10.5892049011669	0	0	8.49628394350461	0	0
TCGA-B9-7268-01A-11D-2136-08	1.53916511582138	3.57867997412651	7.7267067824401	3.47231221396056	0	0	1.57856551188407	0	0	2.274793907415	0	1.10447397276464	1.8111843663371	0	0	0	0	0	0	11.1750977864609	0	0	0	4.11334238642918	0	0	0	2.099698039533	0	0
TCGA-B9-A44B-01A-11D-A25F-10	12.844201994399	0	42.0049290229271	0	0	0	1.28354816459629	5.60893813638975	0	0	0	0	0.677802907525365	10.1658321280635	0	13.9697080514476	0	0	0	6.55427175653478	0	0	0	7.23283084198914	0	0	3.2191235627233	6.1957548334984	4.58174397437153	0.478736151862315
TCGA-B9-A5W7-01A-11D-A31X-10	3.29168149449239	0	0	0	0	0	0	0	0	0	0	0.855148144691799	0	0	6.18259282182024	0	3.52739884715202	4.52929951473954	0	0	0	0.422397337812283	0	0	0	0	0	0	1.143394262742	0
TCGA-B9-A5W8-01A-11D-A28G-10	2.76546472497888	0	0	0.554918854824922	0	5.55138907428916	0.710216493183553	0	0	0	0	7.21102150558735	0.0443457839178949	0	0	2.30146076445619	0.752246790660123	0.152399135703178	0	0	0	0	0	2.05755465646124	0	0	1.89479123026246	1.71189883978774	0	3.55228646310934
TCGA-B9-A5W9-01A-11D-A28G-10	4.51106573986189	0	9.37818278801436	3.48461407953245	0	0	0	0	0	0	0	0	0.499005599549766	0.980718983700331	0	5.15477777123521	5.4862137757627	0.0404264835455489	4.52346371331799	0	0	2.23279725417661	4.26662844670638	0	0	0	0	5.9894969570072	0	4.87639562906433
TCGA-B9-A69E-01A-11D-A31X-10	0	0	23.6193409206075	0	9.91184354520549	2.92654943002052	0	4.97219430634402	0	1.38157120582735	0	0	3.81179742068641	0	1.3911046219406	16.2048460876552	0	1.05535276399307	5.69570566982134	0	0.587672216331214	0.912099065666114	3.99009099128683	0	0	0	0.723845412905231	5.39598050861431	6.63481098350604	0
TCGA-B9-A8YH-01A-11D-A36X-10	0	1.7857811105184	37.5859583593685	11.5916844388708	0	8.02657477721926	0	0	0	0	0	0	0	1.6366331589669	0	0	0	0	5.58467276282197	4.41411056346188	0	0	0	0	0	13.0489969303988	0	0.285674051793233	0	0
TCGA-B9-A8YI-01A-21D-A36X-10	4.75760309200724	2.75067384651464	45.8593015767187	3.04195985785467	0	2.33470751979279	3.73854604103246	0	0	0	0	0	0.221854249633005	0	0	0	0	0	0	0	0	0	2.14202288240977	11.6271380375959	0	6.37266280967181	0	8.97795756279206	0	2.33652811927008
TCGA-BQ-5875-01A-11D-1589-08	0.820564268364013	0.948250596811821	19.0956319612533	1.58909561935702	0.429935431774041	0	0	1.4107097950486	0	0	0	0	0.417292668289934	0	9.16377204328802	0.879460318689734	2.88002214615813	0	0	0	0	0.134103693630805	0	7.54979342616131	0	0	0	0	0	10.6640029149961
TCGA-BQ-5876-01A-11D-1589-08	2.16404024132788	0	22.4389590483815	0	0	1.73538581434727	0	5.272819665944	3.35896374103533	0	0	0	0	14.2400356042009	0	0	0	0	0	6.00584049298312	0	0	0	0	0	0	0.388910342322282	1.00570469957088	5.80672687621154	0
TCGA-BQ-5877-01A-11D-1589-08	11.0139167782767	0	21.8307351361875	0	7.84347258001631	0	0.801807047618467	3.89475905885539	0	5.62159381419366	0	0	1.36745060233391	0.686035409180346	0	0	0	0	0	0	0	0	0	1.94706194758595	0	0	0	1.17743998603393	0	0
TCGA-BQ-5878-01A-11D-1589-08	7.83437447399476	10.1361544787692	4.77546167179643	0	0	0	13.6215785901433	0	0	5.81724119005405	0	0	12.1354304469506	0	0	0	3.64050469094612	0	6.0593331055624	6.79037713217767	4.98281604513306	3.30121165201141	0	2.08676219236303	0	0	0	0	0	0
TCGA-BQ-5879-01A-11D-1589-08	2.50747693014178	0	0	0	0	0	3.49832236372522	0	0	0	0	0	0	0	4.55481464834523	0	0	8.11451599529794	0	0	6.08600682644353	0	0	0	0	0	0.351373802706156	0	0	0
TCGA-BQ-5880-01A-11D-1589-08	0	0	4.1944767768914	3.19021372945422	0	1.96671121286063	2.72482701266542	0	0	2.68017844570476	0	0	2.375267272247	2.72615568119839	0	0.262106402506218	3.05079780660427	0	0	7.45461459763641	0	1.93650714167163	0	5.31487447755018	0	0	0	0	0	3.34982758420767
TCGA-BQ-5881-01A-11D-1589-08	4.43741139635786	0	0.792425855700428	5.60213724140584	0	4.4166324304941	0	0	0.884883229875667	0	0	0	1.39725585577315	0	0	0	9.36533170304389	0	0	0	0.363472441447408	5.43186905179736	0	0	0	0	0	0	0	0
TCGA-BQ-5882-01A-11D-1589-08	11.8287863610412	0.739927113389651	0	11.967129366953	0	0	0	3.72605348121017	0	0	0	1.14348605401948	0	0	0	0	6.09696944506477	0	5.44878960406693	2.45119994454619	0	0	0	2.53215060970969	0	0	0.926836775248456	0	0	0
TCGA-BQ-5883-01A-11D-1589-08	4.96373833314862	0	3.39783999279774	0	0	0.837526185495181	0	0	0	0	0	0	0.831450902235364	0	0	0	0	0	0	0	0	0	1.82268565457332	0	0.8186052894306	0	0	2.01646165380111	0	3.96506184375328
TCGA-BQ-5884-01A-11D-1589-08	3.18917282727355	0.282928869418476	10.423080704154	0	0	0	0.903727928562211	0	0	0	0	0	0.739231668987844	0	0	0	0	0	0	2.32305644500107	0	4.53642031995127	0	4.45933647794926	0	5.16938793694923	0	6.83270798034465	0	0
TCGA-BQ-5885-01A-11D-1589-08	0.454412045420295	2.77184780722954	6.91324447712227	1.40202670659877	0	0	2.33338421232054	14.4935396598568	3.22615282230853	5.85919850935145	0	8.11885090815931	0	2.28341386707195	0	0	0	4.30406278969552	0	19.5343074703527	4.09584912356843	0.838750340967237	0	0.467115663227201	0	0	1.58374712586949	0	0	4.8309323888054
TCGA-BQ-5886-01A-11D-1589-08	1.35464124234933	0.575207243831673	3.15548217044109	0	0	2.17738406337046	0	0	0	1.72907811378977	0	11.9464525271783	0.979059735777633	0	1.80169946878762	0	0	0	0	5.11429205135781	0	1.52427005026028	2.82796743618888	2.04268038697516	0	4.30056377142483	0	0	0.0144443960980168	5.61521402084078
TCGA-BQ-5887-01A-11D-1961-08	0	0	2.49300141575058	0	0	3.6580733083818	0	0	0	0	0	0	0	0	3.65816580750048	2.57089735313033	0	0	0	0	0	2.32983485886494	0	0	0	0	0	0	0	0
TCGA-BQ-5888-01A-11D-1589-08	2.9181512719651	0	0	0	0.740183434572826	1.11847395684662	1.18277782963805	0	0	0	0	0	0	0	0	7.38825555093943	0	5.73214176195788	1.00553667027399	0	0	0	0	0	0	0	0	0	0	0
TCGA-BQ-5889-01A-11D-1589-08	0	1.65240296894813	0	0	4.46194870727166	3.41732697719702	0	7.26121403240899	0	0.85881559246407	0	0	0.26242587974753	0	0.127584834413144	14.2774796713412	8.52440698581465	4.5339412924871	1.21917149528909	0	0	3.90901011328985	0	0	0	0	0	0	0	0
TCGA-BQ-5890-01A-11D-1589-08	8.48280830812658	0.256907919703624	18.283909160336	3.6985529594619	0	0	0	7.38454533712358	0	0	0	0	0	0	0	0	7.24212434233524	4.88971794187311	0	3.33522769120308	2.71021228660827	0	0	0	0	0	3.1003675097769	0	7.42364230513171	4.31616296815628
TCGA-BQ-5891-01A-11D-1589-08	4.79614770172078	0	0	0	0	0	1.80883931821124	0	0	3.73056627336165	0	0	2.33102292889077	0	0	4.36159034990661	0	0	0	1.61665300865322	0	0.135646264521129	0	0	0	0	0	0	0	0
TCGA-BQ-5892-01A-11D-1589-08	1.7704888656894	5.05240360639695	19.9450466190737	0	0	0	0	0	0	2.36143033452757	4.19695313377809	0	0	0	0.902420773596072	0	1.92497212356311	0	0	6.58331022579429	0.425238657194446	0	0	0	0	0	2.53024833325976	0	0	0
TCGA-BQ-5893-01A-11D-1589-08	15.2041467343492	0	3.53671315652769	0.0769487923018448	0	0	0	0	0	1.48658929621829	0	0	1.2279795162899	0	0	0	0	0	0	0	0	0	0	14.7623753419414	0	0	0	0	8.26158866614771	0
TCGA-BQ-5894-01A-11D-1589-08	5.21612889095581	1.06025792896757	0	0	0	0	0	7.01901993202849	0.903456635615432	0	3.22658997780704	3.79086185488059	0.188503065526632	0	0.816563684359195	0	0	0	0	0	0.447745968864618	0	0	0	0	0	0	0	5.95951065126904	0
TCGA-BQ-7044-01A-11D-1961-08	0	0	0	294.902185936007	0	0	0	0	0	0	0	0	0	0	0	0	0	25.8478256590253	0	120.427155712618	0	0	0	0	0	0	0	0	0	0
TCGA-BQ-7045-01A-31D-1961-08	0	0.78912287855737	0	0	0	0.419427432268359	5.44740064786707	23.7890041539939	0	0	0.617936023518494	6.02673177242871	0	2.44227579627592	0	0	2.03194094328173	0.460208026524911	1.84148126872002	16.9608548003764	0	0	0	21.7277785556666	0	0	0	0	0	0
TCGA-BQ-7046-01A-11D-1961-08	0	0	0	69.8459371743208	0	0	0	0	0	0	0	0	0	0	0	0	0	4.71494944929388	0	29.1208070101892	0	0	0	0	0	0	0	0.582411579884286	0	0
TCGA-BQ-7048-01A-11D-1961-08	0	0	0	207.434725599637	0	0	0	0	0	0	0	0	0	0	0	0	0	2.85335011959822	0	85.1896619888602	0	0	0	0	0	0	0	0	0	0
TCGA-BQ-7049-01A-11D-1961-08	0	0	0	302.918179591612	0	0	0	0	0	0	0	0	0	0	0	0	0	22.0650239554501	0	115.527627784576	0	0	0	0	0	0	0	0	0	0
TCGA-BQ-7050-01A-11D-1961-08	0	0.537932254734615	1.13388494337091	0	0	0	1.60638334810393	0	0	0	0	3.46159250640228	0	0	0	1.8752529797672	0	1.06493267309635	3.09894623861562	0.672191821740962	0	0	0	3.90136023840637	0	0	0	0	0	0
TCGA-BQ-7051-01A-12D-1961-08	0	1.81664013112772	0	47.8124354309726	0	0	4.558862731698	4.28659000222739	0	0.224211951262196	0	0	3.19283791176959	1.47909952522013	0	0	0.914727862011521	0.20447990151855	0	29.8508895900201	0	0	0	0	0	0	0	0.62817548315728	0	0
TCGA-BQ-7053-01A-11D-1961-08	0	0	0	121.65566160971	0	0	0	0	0	0	0	0	0	0	0	0	0	11.6841901210295	0	63.9124658678052	0	0	0	0	0	0	0	0	0	0
TCGA-BQ-7055-01A-11D-1961-08	5.19893332235841	0	0	2.22012979496783	0	0	0	0	0	0	0	0	0	0	0	0	0	0	1.11112503198867	0	2.07290547911687	0	0.141491100541475	0	0	0	0	0	2.21541006184903	0
TCGA-BQ-7056-01A-11D-1961-08	0	0	0	137.990714157079	0	0	0	0	0	0	0	0	0	0	0	0	0	0	0	73.9861231989461	0	0	0	0	0	0	0	0	0	0
TCGA-BQ-7058-01A-11D-1961-08	2.3337375260482	0	17.3741510160895	9.44826372228376	0	0	0.813590540908274	3.83580974387801	0	0	0	2.79803700222819	0	0	0	0	7.50603185566241	0	8.49451429950524	0.835258883601538	0	0	0	2.81904124095852	0	3.2782989513302	1.72521246936377	2.23435892577682	0	0
TCGA-BQ-7059-01A-11D-1961-08	0	0	0	203.901152010179	0	0	0	0	0	0	0	0	0	0	0	0	0	0	0	100.125409407772	0	0	0	0	0	0	0	0	0	0
TCGA-BQ-7060-01A-11D-1961-08	0	0	0	296.69878236206	0	0	0	0	0	0	0	0	0	0	0	0	0	5.04321738127284	0	115.168102508886	0	0	0	0	0	0	0	0	0	0
TCGA-BQ-7061-01A-11D-1961-08	0	0	5.49847095113059	32.3326871898756	0	8.61386350726246	0	0	0	0	0	0	2.91280044730049	0	0	0	0	0	0	27.768375110835	0	4.81734333628735	0	0	0	0.539981603411388	0	4.53490007334595	0	0
TCGA-BQ-7062-01A-11D-1961-08	0	0	0	6.83533042620431	0	0	0	0	3.25307787065579	3.31946554620435	0	6.30549691774325	0	5.16854163917482	0	3.00734825341037	0	4.43799583242849	0	3.46408525423096	0	3.68030261893132	0	0	0	0	1.99365366406506	0.471088505069408	0	0
TCGA-DW-5560-01A-01D-1589-08	7.12487748529351	0	0.548428880806858	0	0	0	0	0	0	0.0297131110824294	1.39678466043382	4.70437695050965	0	0	0	0	0.827656021468428	1.67256001220104	0	5.57473904780224	0	0.0711080964071885	0	0	0	0	2.01119038599882	0	0	0
TCGA-DW-5561-01A-01D-1589-08	0	0	6.86397907948655	0	0	0	2.62340294514306	0	0.226949526449191	3.8770454021655	0	2.64912110031133	0.118512713889163	0	4.48068226165675	0	0.00899490121825514	0	0	0	0	0.780441864761017	0.457273908914034	7.75179832807817	0	3.25436256795087	0	4.34749824594338	0	0
TCGA-DW-7834-01A-11D-2136-08	0	0	15.5136765396153	0	12.0270259478248	0	4.52776262604367	0	0	0	0	0	0	0	0.745882773811861	0	0.0581881146955097	0	0	6.59544218395289	2.24307251856782	0.653831216600928	1.31091681752531	4.79166731881725	0	0	0.198962688030226	2.43636285365014	0	0
TCGA-DW-7836-01A-11D-2136-08	0	0	4.39443151367406	9.67278784114096	0	4.48310067106722	0.499327827687184	0	0	1.92851039305369	0	4.312562716139	1.0351107820734	0	2.0919134873084	0	0	0.111965540836941	0	0	0	1.32203571893963	0	0	0	0	3.63968581747001	2.39726673521832	0	0
TCGA-DW-7837-01A-11D-2136-08	0	0	0	62.8946264801447	0	0	0	0	0	1.25843844564002	0	0	1.14086340488891	0.533504364714168	0	0	0	7.0237702973601	0	26.7084620893363	0	0	0	9.43637929581387	0	0	0	0	0	0
TCGA-DW-7838-01A-11D-2136-08	0	1.68172054581332	24.0448275726011	2.93250125079559	0	0	2.4018928930219	0	0	2.20408924581263	0	0	2.88489406817776	1.44161100960864	2.79752887592756	0	0	0.0110508316875805	19.5387389396799	6.64860946395874	0	6.0280959812058	0	0	0	0	1.33680763257071	0	0	0
TCGA-DW-7839-01A-11D-2136-08	8.98329529484433	0	11.861599481082	0	11.3516657295989	0	0	0	0	0	0	0	0	0	0	0	0.267255824971362	0	0	0	2.01195650986015	0.544769976757118	0	0	4.70646530791224	0	0	1.26045034765911	0	0.8593229125956
TCGA-DW-7840-01A-11D-2136-08	0	0	2.8169441665275	0	0	0	1.44915179213975	16.9830929563288	0	0.778628589438144	0	4.58357990070407	3.61790632790218	6.3337876305409	0	7.13899423566566	1.58902393547038	0	0	16.8587748895422	0	0.789159998519989	0	0	0	5.3149017151394	3.36365839525555	0	0	0
TCGA-DW-7841-01A-11D-2136-08	0	0	9.07939676752699	0	0	8.89399568125902	1.68766628621752	0	0	0	3.58859820196792	4.78356375573136	0	0	1.60958019281196	0	0	2.80258996068153	0	0	0	0	0	3.06895904914236	0	0	0	2.74867698567274	0	0
TCGA-DW-7842-01A-11D-2136-08	0	0.401408181680005	3.31461069964891	0	0	0	1.65933879684465	2.94950376088421	0	0	0	1.47059765483265	1.23591053373929	0	4.17463468431738	0	1.93352873052059	0	0	0	3.11429709579465	0	0	0	0	0	0	0	0	0.901160651225499
TCGA-DW-7963-01B-11D-A28G-10	1.502217825708	0.0365610238853568	8.23992165018324	2.18543210961472	0	0.208828572534941	0	0.982793341598267	0	0	0	0	0	0	0	0	0	0	0	0	0	0	0	0	0	0	0	0.119978843450114	0	6.74077293123575
TCGA-EV-5901-01A-11D-1589-08	6.28488683176139	0	0	0	0	0	2.99230172055791	0	0	0.44939539487756	0	0	0	1.16634177756531	1.02110204266477	0	0.480037296684783	0	0	7.7577986705753	0	4.14571475303051	0	4.96436268238155	0	0	0	1.27805814612958	0	0
TCGA-EV-5902-01A-11D-1589-08	0	2.25953443763002	14.7525544281304	0	0	4.67232111981789	2.889147476108	14.0873928336949	0	2.75852423017408	0	0.265664277236214	0.338719300198186	0	3.03281501182773	0	0	3.15948931234449	0	7.64334683883158	0	0	0	0	0	0	0	6.32690128193392	0	0
TCGA-EV-5903-01A-11D-1589-08	9.02978741508376	0.800799081351311	40.4175561965885	0	0	0	0	0	9.47377578927794	0	0	0	0.95559632991286	0.556393849003212	0	0	5.07937315291108	6.97208614416615	0	0	0	0	6.42725265949415	0	0	7.86298348341334	0	0	0	3.96699469799872
TCGA-F9-A4JJ-01A-11D-A25F-10	6.8808796618921	0	0	0	0	11.9707969553944	3.52807817049281	0	1.49969496462809	0	0	0	0	0	0	0	0	6.42121039980807	0	0	4.65029897024791	0	0	0	0	0	0	1.9542903828096	0.165407537186246	0
TCGA-F9-A7VF-01A-11D-A33Q-10	6.41551697029204	0	7.30088091963318	0	0	0	0	8.55399713278645	1.92811902188638	2.81193535558104	2.87590775134248	0	3.17421105364545	0	0	11.6445177567862	0	0	0	3.373667297102	0	0	0	7.89832690956349	0	0	2.92992634811857	3.12015941195499	0	0
TCGA-G7-6789-01A-11D-1961-08	0	2.36112736338294	0	24.1713986841252	0	1.60131603749822	0	0	0	0	0	0	0.842040695296536	0	0	0	0.83798248291995	0	0	14.4844093809166	0	0	0	0	0	0	0	0	0	0
TCGA-G7-6790-01A-11D-1961-08	4.66780000255994	0.7470401882058	15.1233579786701	7.92139982900161	0	2.67481769471243	0	0	0	0	0	0	1.50861700670951	0	0	0	0.322270949647347	8.26421075705	0	20.268378434462	0	10.1665453504662	0	0	0	0	0	0	0	0
TCGA-G7-6792-01A-21D-1961-08	0	2.31058979447033	0	23.0334489887222	0	0.944682123456169	0	0	0	1.61835928890546	0	0	0	0.345934761591379	0	0	0	4.6324796695487	0	12.1689193878866	0	0.695322766767901	0	0	0	0	0	2.14222137398146	0	0
TCGA-G7-6793-01A-11D-1961-08	0	0	0	201.470361613	0	0	0	0	0	0	0	0	0	0	0	0	0	22.6066701355738	0	116.542336301888	0	0	0	0	0	0	0	0	0	0
TCGA-G7-6795-01A-11D-1961-08	0	0	0	139.108378197336	0	0	0	0	0	0	0	0	0	0	0	0	0	14.8081901589395	0	73.3921271071133	0	0	0	18.261742378601	0	0	0	0	0	0
TCGA-G7-6796-01A-11D-1961-08	0	0	0	82.5008565896032	0	0	0	0	0	0	0	0	3.9254844725408	0	0	0	3.20525018188647	0.211400595696662	0	32.0313052994569	0	0	0	11.7450745079783	0	0	0	1.9146778970147	0	0
TCGA-G7-6797-01A-11D-1961-08	0	0	0	853.966725092636	0	0	0	0	0	0	0	0	0	0	0	0	0	185.627002541532	0	471.786981933647	0	0	0	0	0	0	0	0	0	0
TCGA-G7-7501-01A-11D-2201-08	12.4821147134673	0	4.25543005189018	8.80715703495175	0	1.4095005632088	0	0	0	0	0	1.15738515600703	0	0	0.291347475918215	0	0	0	0	0	0	0.809224080875076	2.7409052519189	0	0	0.675611560819357	0	0.00596380817962113	0	0
TCGA-G7-7502-01A-11D-2201-08	0	0	0	0	23.2409501150651	2.51026163393834	0	0	0	0	2.2294251060853	0	0	0	0	0	2.28538241590043	0	4.52772760501309	1.42628094617676	0	3.76147435839522	0.813293297524053	4.22735103046161	0	0	0	0	0	0
TCGA-G7-A4TM-01A-11D-A31X-10	5.49340003504003	0	0	14.5437789052042	0	0	0	0	0	1.71944201636821	0	0	1.27062563916944	0	0	0	0	0	0	0	0	0.832708659461059	0.310905835504869	0	0	0	1.39358701905541	2.02239229015715	0	4.76097814209574
TCGA-G7-A8LC-01A-11D-A35Z-10	0	0	0.631235418786592	0	0	1.84800737096668	0	2.94758549651391	0	0	0	0	0	0	4.76831144956071	0	0.700014325069999	0.414753725719509	0	0	0	0.390704209300475	0.461884224870346	0	0	0	0	0	0.160002609874112	0.405425651539965
TCGA-GL-6846-01A-11D-1961-08	0	0.822305344854129	0	94.277550118479	0	0	0	0	0	0	0	0	0.756193934505765	0	0	0	0	30.2956490829396	0	65.8303388261347	0	0	0	0	0	0	0	0	0	0
TCGA-GL-7773-01A-11D-2136-08	0	0	36.1644007035359	31.4077036041916	0.478750104393651	0	0	0	7.03749170242404	7.48901518587156	0	0	3.33550301878752	0	0	0	0	5.68436797254094	0	3.62914766009631	0	0	0	0	0	8.07664918305409	0.772633194508343	0	0	0
TCGA-GL-7966-01A-11D-2201-08	0	0	0	0	0	0	4.31443797787744	0	0	0	0	0.156021676030029	2.68698267781494	0	8.42033073693665	0	0	0	0	0	0	3.00747573947746	0	0.453241707955276	0	2.5351972612634	0	0	0	0
TCGA-GL-8500-01A-11D-2396-08	0	0	20.5376689716049	3.48426232782132	0	0	0	2.88731942490512	0	0.296485759960213	0	16.5656972551767	5.91672732321465	0	0	0	0	0	7.30614347959211	3.51142640985918	0	0.728347480290255	3.04807692902946	0	0	0	2.44335326350003	0.543756855517201	0	0
TCGA-GL-A4EM-01A-11D-A25F-10	0	0	20.8667512178411	12.6951965596855	0	0	1.91627169494457	0	2.77769081426346	0	1.84535456822015	0	0	0	0.74110290526323	0	0	0	0	0	0	1.70745893519249	0	0	0	0	0.36815379476703	0	0	0
TCGA-GL-A59R-01A-11D-A26P-10	0	4.04960466885022	24.5691034314053	0	7.86458032697652	0	2.57879615216967	11.3140414857586	0	4.01698069770709	0	0	3.27997857237093	2.74610206518068	0	0	0.223925427361359	2.13253637468932	0	0.213481718586572	0	0	0	1.90153260738169	0.261652934162689	1.40363629374723	1.44863418744064	0	0	0
TCGA-GL-A59T-01A-21D-A28G-10	0	4.32849257875587	0	0	0	0	0	0	0	0	0	12.8258471935734	0	0	0	0	7.58474819729301	0	17.8781128895192	9.97160729067361	0	3.84707715925058	0	11.6957092645971	0	0	0	0	0	0
TCGA-HE-7128-01A-11D-1961-08	0	0	0	325.09496269255	0	0	0	0	0	0	0	0	0	0	0	0	0	43.7653380901288	0	89.5013913047616	0	0	0	0	0	0	0	0	0	0
TCGA-HE-A5NJ-01A-11D-A26P-10	3.88025194910791	6.63179614436262	17.1301344226782	0	0	2.29714869384624	0	0	0	0	0	0	3.32098411017295	0	4.83460474953983	7.9044490049612	4.54648311064312	0	0	4.41173318401815	0	7.45927770791994	1.00334489512309	0	0	0	0	0	0	0.0700314382722868
TCGA-HE-A5NK-01A-11D-A26P-10	0	5.55247637080778	29.5810605845074	0	0	0	0	0	0	0.283857704414126	0	2.44091468314399	0.226652749615287	12.7993072564256	0.4507756521783	7.69886317002513	1.76964990495418	8.45086759136482	0	2.54445532498953	3.53806676085631	0	0	0	0	0	1.91768786739024	2.49387261745182	0	0
TCGA-IA-A40U-01A-11D-A25F-10	4.90112653655588	0	13.759329585129	0	0	0.0714199784709387	2.36010006055843	0	0	2.83774136101854	0	0	0.408174816454622	0	0	0	0.5813827700909	0	0	12.3566546544772	0	0	0	2.36461411328332	0	0	0	6.52793700942249	0	0
TCGA-IA-A40X-01A-11D-A25F-10	4.62526831973743	0	5.44910663339471	0	0	0	0	0	0	0	0	0	2.10801583358392	0	0	11.5861639945457	0	0	0	3.70142695761935	0	0.226305965268378	0	0	0	0	0	0	0	0
TCGA-IA-A40Y-01A-11D-A25F-10	32.1647015907356	0	29.4701290460772	0	0	0	0	0	0	0	0	0	5.52218550219569	0	1.19107990926861	0	0	0	0	0	0	1.715059666924	0	1.74635353478407	0	0	0	0	0	0
TCGA-IA-A83V-01A-11D-A34Z-10	0	0	12.0608585806961	0	0	0	5.64723015769537	0	0	3.73428389003387	0	9.55558490946922	1.19799968506181	0	11.9021140149689	0	0	0	0	3.45506342784563	0	2.96906512309139	0	1.51974903477734	0	0	2.79591533175254	1.88922642716799	0	0
TCGA-IZ-8195-01A-31D-2396-08	13.6965832779501	0	2.94347674708047	0	0	0	0	1.80613519448512	2.22483750014643	0	0	2.99152588109976	1.99544069562805	0	0	16.0858627757124	4.79464911510079	4.23240489160164	0	0	0	1.71127231499479	0	0	12.1169111518748	0	0	0	0	0
TCGA-IZ-8196-01A-11D-2396-08	0	0	16.7500238411488	0	0	6.03039050051467	0.47635886779714	19.8489862878167	0	1.61401982996077	0	2.92086717829653	0	0	2.8489556077724	0	4.60414819316623	0	0	11.7951685872052	0	0	0	0	0	0	0	0	0	3.37209891831138
TCGA-IZ-A6M8-01A-11D-A31X-10	0.327587830453325	0	13.7813853996554	12.2962524285934	7.4882004047711	0	0.357197181404988	0	3.9626359703153	0.349097308987661	0	0	0	0	0	0	0	6.45424085102271	0	5.69104659082785	0	0	0	0	0	0	2.46249266856592	16.9214731224638	0	0
TCGA-IZ-A6M9-01A-11D-A31X-10	7.82262565270179	0	5.56433720635088	0	0	0	3.96563084292264	0	0	0.748367814113448	0	0	0.364733452039059	0	24.6184519382194	0	3.28205691330092	2.96135234732308	0	0	0	5.58154358441474	0.318566744567864	0	0	0	0	3.27380979215243	0	0
TCGA-J7-A8I2-01A-12D-A35Z-10	19.0917673883233	7.76164727605872	0	0	0	0	0	0	0	3.01385565812219	0	0	6.93024955876523	0	0	34.4454739589165	0	0	0	0	0	0	0	0	0	0	0	0	0	0
TCGA-KV-A6GD-01A-11D-A31X-10	0	1.11737845335002	2.58192996050365	0	0	13.0913164958693	0	6.92535277887129	0	2.87180096061894	0	6.48169081351397	0.572939341361094	0	0	0	4.01710817269869	0	0	7.42519511013093	0	6.8996998295924	0	0	7.79371605325586	0	0.482627183393631	0	0	0
TCGA-KV-A6GE-01A-11D-A31X-10	10.5542950292387	0	12.5083213975313	0	0	0	0	1.21536801533839	0	0	0	0	0	0	0	13.0853263188289	0	0	0.768494021464658	0	0.482955533670507	1.7474366241469	0.850461896292525	0	0	0	0	0	0	0
TCGA-KV-A74V-01A-11D-A33Q-10	0	0	0	0	0	4.03007265792945	0	0	0	1.0206846065849	0	0	0	0	12.7743989340585	0	0	8.00921667809803	0	0	0	3.87107344649143	0	0	0	0	0	0	0	0
TCGA-MH-A55W-01A-11D-A26P-10	9.9157125576762	0	41.4817586993746	0	0	0	0	0	5.10233559824687	0	0	0	2.04682106398533	0	0	0	0	0	0	0	0	2.7831496484772	1.93165348136831	0	0	0	0	4.00976234767373	0	0
TCGA-MH-A55Z-01A-11D-A26P-10	3.75214488352217	0	26.2726510634205	0	0	12.6422571635162	7.5496211494542	0	0	0	0	0	5.56606791658046	0	0	5.87180415839891	1.03794849673771	0	0	0	8.70282650708927	0.251727868700471	0.0185872838189783	0.498911543125263	0	0	0	5.21577721491909	0	0
TCGA-MH-A560-01A-11D-A26P-10	3.1959841450826	0	21.1244949332185	0	0	11.5625321018631	7.9884481999437	0	0	0	0	0	0	0	0	0	0	0	0	0	0	0	0	4.0126861931944	0	0	0	0	0	0
TCGA-MH-A561-01A-11D-A26P-10	7.06034272185143	0	35.0338681303402	1.1121358907184	0	0	3.56582198871748	2.06224165911423	0	0	0	12.5074710975226	0	0	0	0	0	19.6031924571857	0	0	1.38901699581777	6.25532722280602	0	0	0.28678514100698	0	0	2.30644814126837	0	0
TCGA-MH-A562-01A-11D-A26P-10	0	1.95062802970984	4.78883372496045	0	0	0	3.91735315222604	0	0	2.33377026303602	0	0	0.249239297031726	0	4.05491142048814	0	0	0	0	0	0.133373443113485	0	0	0	0	17.0064940778343	0	4.55573862117034	9.29054013090374	0
TCGA-MH-A854-01A-11D-A34Z-10	10.4067351728652	0	45.7427210960645	0	0	0	0	0	0	8.45489065781967	0	9.64948598245597	0	6.85263375400762	2.94518778029327	0	6.09386581184339	0	10.7862213980013	0	0	0.18005884832639	0	5.79901151405767	0	9.29142727643676	1.80791390763039	2.87186293006419	0	0
TCGA-MH-A855-01A-11D-A34Z-10	4.97775734968286	0	0.615194196261795	0	0	5.32035561445863	3.22482170269049	0	0	0.0654774534266273	0	4.92005356366097	2.75658548234038	0	0	0	1.03014598205912	0	0	0	0	3.6768245522474	0	1.75627725136549	0	0	0	0	3.53818404501042	0
TCGA-MH-A856-01A-11D-A34Z-10	0	3.81184411702754	0	0	0	2.34270369041158	1.41034233143339	0	0	0.29176592931685	0	0	2.19691617197059	1.99930481187995	0	0	0	0	0	0	3.36682492893734	4.31808615785377	0	12.1120816673038	0	16.8245167596487	2.19158119926922	11.9707214500845	0	0
TCGA-MH-A857-01A-11D-A34Z-10	0	0	0	2.15865442269531	0	0	0	0	0	0	3.06450112600186	0	0	0	9.2392471191179	0	0	0	0	0	0.547044753091785	1.75678656697234	4.84846035170309	3.04814143314719	0	0	0	0	0	0
TCGA-O9-A75Z-01A-11D-A33Q-10	2.62767682140817	0	0	4.9285301312333	0	0	0	0	0	0	0	0	0.371269572349573	0	6.5133436833205	0	0	0.571951664479862	0	0	0	0	0	0.602951518525267	0	0	0	0	0	0
TCGA-P4-A5E6-01A-11D-A28G-10	7.84894603498841	0	54.2768161911053	0	0	0	0	0	0	1.76971421252621	0	0	1.73782589060968	0	0	0.908121500393602	7.28233572985738	0	0	0	0	0	7.68833796295275	0	0	0	0.0215992429375667	0	0	0
TCGA-P4-A5E7-01A-31D-A28G-10	0	0	48.7328909971593	0.433029635392519	0	0	0	0	0	0	0	0	2.42620335753559	0	0.525016906775766	0	0.680513712942365	0	0	7.33982196270122	12.0427937544966	0	4.14150268722657	5.31933399134311	0	0	0.0876113391631624	2.71775852913991	0	2.75915066923106
TCGA-P4-A5EA-01A-11D-A28G-10	0	0	0	0.748795638422482	0	0	0.524966778378261	0	0.759579723667055	9.2800786190498	0	5.45513704107861	12.2410502945973	0	2.47445426199415	0	3.28824438372785	0	0	0	0	2.36164878439866	0	3.19414856702112	0	0	0	0	0	0
TCGA-P4-A5EB-01A-11D-A28G-10	0	4.23968554342819	46.9617385079996	0	0	0.930988985960136	4.43051639112694	18.425421999408	0	4.23262844067719	0	9.75224994264355	0	0	7.76343692762789	0	1.1964489915449	0	0	0	0.863351146218116	0	0	15.8817829260654	0	0	0	5.12344371800488	0	0
TCGA-P4-A5ED-01A-11D-A28G-10	0	0	0	0	0	0.695462399443778	2.1415458860861	0	0	0.592859515805344	0	0	0.872376166267167	0	0	5.50082103806157	0	0	0	0	0	0	1.44480289791011	0	0	0	0	0	0	0
TCGA-P4-AAVL-01A-11D-A42J-10	22.7581153475197	2.1964216901823	8.99634166881952	0	0	2.51159262655949	0	0	0	0.632581501835453	0.433350675949279	0	0	0	0	0	0.198570220731683	0	0	5.55189953083409	0	7.73534109804869	0	5.85802115964205	0	8.92130041398238	0	0	0	0
TCGA-P4-AAVM-01A-11D-A42J-10	0	3.04484791253992	12.7479214973433	2.77626263998291	0	0	0	0	0	2.69961742988657	0	3.8344978432229	0	0	7.5922755174832	0	0	0	0	3.56615767828719	0	1.86608319795355	0	0	3.34222107835844	0	2.17062361166961	1.07098755733809	0	0
TCGA-Q2-A5QZ-01A-11D-A28G-10	3.81738082949327	0	5.11964579149456	0	0	0	4.55490004836443	0	0	0.629890163221096	9.076736133586	0	3.02766454970639	0	4.7360461814494	0	4.99940517376848	0	0	0	0	0	0	16.6634565455586	0	9.84225104874095	2.64780920319791	0	0	0
TCGA-SX-A71R-01A-12D-A33Q-10	4.85763478613473	1.77020831643219	0.631155508824121	0	0	0	0.306318576634654	4.67917544948256	1.64895969025256	0.917659656065205	0	0	0.791963814692122	0.777736098322095	0.325849537592242	0	5.73867560190344	0	5.90917054438754	0	0	0	0	3.13377310548232	4.38342618628735	0	2.26225029500447	1.72809984875163	0	0
TCGA-SX-A71S-01A-11D-A33Q-10	0	0	0.068060932521261	5.60794205764233	0	0	8.33662589413078	62.864773755342	5.27484315922403	2.52305620588236	0	6.68864723621465	2.77640309682266	0	0	0	0.622573139212499	0	0	17.6950558003056	0	3.48894330202758	6.7652050243159	0	0	0	0	0	0	0
TCGA-SX-A71U-01A-12D-A33Q-10	9.14534478109956	6.24374046402918	10.6738663264176	5.67714526782928	0	0	1.43779853709021	8.24336889328883	3.47225920936487	3.31289368416498	0	0	1.37616320127036	0	0	10.4426194586715	0.721638236715766	3.73372242250346	0	0	0	0	0	7.46828987470835	0	0	0	3.66901322567867	0	0
TCGA-SX-A71V-01A-11D-A33Q-10	2.89618914743375	0	41.1485901342457	0	0	0	6.17842242278745	0	0	0	0.312705425262509	11.6208051110947	1.85034886926153	0	10.9032026230174	0	2.38524682134298	0	0	0	0	7.75060545590644	0	0	0	0	0	0	6.49386105636037	0
TCGA-SX-A71W-01A-12D-A34Z-10	0	0	0	0	1.99495130007822	0	6.24919407894617	0	0	2.62946195428255	0	0	0	0	5.40912482884483	12.6160624350829	0	2.19768114188685	0	6.08833188005313	0	1.32095217470066	0	0	0	0	0	2.4500958828738	0	0
TCGA-SX-A7SL-01A-11D-A34Z-10	11.7509570127906	0	38.9367011412677	0	0	0	0	2.34892008652383	0	0	0	0	0	0	1.26205841382533	0	0	0	0	0	5.72925190223163	3.1450647416688	9.01755724765927	8.01092719827832	0	0	2.28603691336185	0	0	0
TCGA-SX-A7SM-01A-11D-A34Z-10	0.750431253447394	0.152279886497336	10.0933616949458	4.79984341124752	0	0	1.99868879806387	18.3431742132303	0	0	0	0	2.5247441813096	0	10.0633677873003	0	1.92525216628406	1.96501110514072	0	0.85230713371123	2.3938000212592	0	0	0	0	0	0	0	0	0
TCGA-SX-A7SN-01A-11D-A34Z-10	6.74696535005496	1.38131948944977	7.25676912685568	13.5336153889896	0	0	5.15862604452055	0	0.0541418543861336	0	0	8.11135098381536	6.60566007496705	0	0	0	0	0	0	15.4818797925164	0	5.12327773955883	1.7678590019461	0.337069538438935	0	24.1025236614376	0	3.02025102021754	3.26602075568441	0
TCGA-SX-A7SO-01A-11D-A34Z-10	7.99281251028216	0.143035417644091	18.1680276924429	0	0	0	0	0.630173826861489	0	1.58455017546456	0.161204160358471	0	2.19616244245868	0	7.59001922818185	0	1.16979411048179	0	0	0	0	2.37577646799674	0	0	0	0	0	0	0	0
TCGA-SX-A7SP-01A-11D-A34Z-10	18.360560570197	0.979995505796519	32.2244378720442	0	0	0.416872491729038	0.327768554894568	0	0	0	0	4.62669136253225	0	0	0	0	0	2.35317969792712	0	0	0	2.76689726156862	0	5.31636162088604	0	0	0	8.52360064420765	0	0
TCGA-SX-A7SQ-01A-12D-A35Z-10	0	2.41760000062565	13.7334492167799	0	0	12.2659733375919	0	6.51543449254568	0	0	0	10.9479444035707	1.56628891109168	3.48583962892453	1.02920621751789	0	3.15898496246943	0	0	3.00526517537808	0	0	0	0	0	0	0	0	7.1621228291963	0
TCGA-SX-A7SR-01A-12D-A35Z-10	0	0	15.9036415209263	0	0	3.82873002640787	9.35347934527624	10.153813604263	0	1.336301305205	0	0	0	1.4323963716852	1.75349360714086	0	0	0.497984049082234	0	13.5793563082117	2.75601708219492	4.00678694501785	0	7.88599054886574	10.7442048989502	0	0	0.450368917632138	0	0
TCGA-SX-A7SS-01A-11D-A35Z-10	0.37535605184076	0	9.97785079019169	2.26307476371249	0	6.81101932599892	5.39386955353109	0	0	0	0	0	6.17399824392557	0	2.20917384050152	10.0687923570797	0	10.59496085266	0	0	3.10169337597525	8.40426251431688	0	0	0	5.0717577901176	0	17.1063023912218	0	1.863069429004
TCGA-SX-A7SU-01A-11D-A35Z-10	0	0	3.87268054423844	0	0	10.5334061634491	4.33047753774006	0	0	0.794348596307674	0.0233564593285059	4.68719539352246	5.88943952728902	0	0	0	1.25966965951048	0	0	6.47913871192048	2.44252042667986	1.81712246624678	0	0	0	0	0.172835598464351	0	0	0
TCGA-UN-AAZ9-01A-11D-A382-10	4.58980477844783	2.66856223267006	11.3175933882683	1.39262988514773	0	0	0	0	0	0	0	0	0	0	0	0	0	0	0	0	3.6961299161214	0	0.89712026496988	0.542979761350305	0	0	0	0	0	0
TCGA-UZ-A9PJ-01A-11D-A382-10	4.14005454855698	0	0	0	0	0	0	0	4.55543291821734	0	7.75914064788795	0	0.768117499943732	0	9.93871369176282	6.51795820513683	2.17046476419049	0	0	7.12637247011975	2.74193991494715	6.16647428734943	0.11281741513283	0	0	6.98143857739952	0	0.715966522367336	0	0
TCGA-UZ-A9PK-01A-11D-A382-10	0	2.98958246815938	20.6063940273824	0	0	0	0.531587221139924	0	0	0.589209860767396	0	14.8941350969213	0	0	0	0	2.2300024208964	0	7.44406577019982	20.6538368064048	0	0	0	0.335860971996126	0	0	0	0.224227257366474	0	0
TCGA-UZ-A9PN-01A-11D-A382-10	5.65472800400317	0	2.01334430271671	15.5773383109591	0	0	5.40866812728872	0	0	0.59492789594212	0.435686903845716	0	0	0	2.82050885332761	0	7.15513314860274	0	0	0	0	4.99891099185013	0	0	0	13.0186902341623	0	0	3.28137047320986	0
TCGA-UZ-A9PO-01A-11D-A382-10	7.25686590311894	0	35.4943688441412	0	0	21.539583311484	0	5.84123713714922	7.38820548082374	0	0	0	0	0	0	7.95250149639575	0	0	0	0	0	0	0	7.21636481469013	0	0	0	1.13450830745147	0	0
TCGA-UZ-A9PP-01A-11D-A42J-10	0	1.00222634027016	8.0084754882717	0	0	3.04390012498328	0	0	0	0	0	19.4537243828296	0	0	0.233845979353331	0	7.86364875284802	0	0	20.3507009713789	0	3.79365980520005	0	5.71864520530848	1.75847580518033	0	3.50895551074773	2.12843772934007	0	0
TCGA-UZ-A9PR-01A-11D-A42J-10	0	0.0932994288035656	30.3555007095819	0	0	6.29707476098513	4.69902229111571	18.6120018616845	0	0	0	0	0.0902722781402008	0	0	4.05628700016336	0.617755647686981	2.92612666554403	0	6.88417291502783	1.08778886735922	0	0	0	0	0	2.66844269683282	1.21806536394607	3.60354829996189	18.6761329681246
TCGA-UZ-A9PS-01A-11D-A42J-10	0	0.673253044525194	35.7186450941571	5.0779827841845	0	0	0	7.94751133448952	28.5648083186372	1.40691436243965	0	0	1.68113611968472	8.51183731811668	0	4.45940288819109	0	0	0	14.1851617157758	0	6.76565705078396	0.94134366791766	0	0	0	0	11.2756760432877	0	0
TCGA-UZ-A9PU-01A-11D-A42J-10	2.6812382487834	0	20.0781300677899	0	5.51230587320147	0	0	0	0	0	0	0	0	0	0	2.75407828177928	1.68393703197886	0	0	0	0	0	0	6.01203628478938	0	8.26942002869916	0	2.76975813893133	0	0
TCGA-UZ-A9PV-01A-11D-A42J-10	0	4.01223858267375	0	8.77358355744186	0	7.63466129980803	0	15.3985387328556	4.9960863288311	0	0	0	0	5.20304548443129	0	0	0	0	0	2.64758190016993	0	0	0	0	0	0	0	0	0	0
TCGA-UZ-A9PX-01A-11D-A42J-10	2.61346243123318	0	33.5632849852053	0	0	10.0524373207603	5.27035660199598	0	0	0	0	4.18346901058374	2.91987977602273	0	0	0	2.83797930824458	0	0	8.40084026444024	9.06217152094352	0	0	0	0	0	1.51496643225832	0	12.1330995346579	0
TCGA-UZ-A9PZ-01A-11D-A42J-10	0.292585558529103	1.18302888648102	11.4781975167847	0	0	0	0	0	0	0.682081808083637	0	0	2.0610726388386	0	0.855519716443443	0	0	4.5252242434178	0	14.7043996744229	0	6.71925476140753	0	0	0	4.23473459383499	0	0	0	0
TCGA-UZ-A9Q1-01A-11D-A42J-10	10.3788560099588	5.4057241619222	4.21238754068367	0	0	2.81269668923034	0	11.0325472125397	0	0	0	11.224739055806	0	0	1.50680337802974	0	2.35592392450837	0	0	0	0	3.04058217618724	0	4.10665479040291	6.65988631703704	0	0	0	0	0
TCGA-V9-A7HT-01A-11D-A33Q-10	5.59322220615743	0.193295970272267	9.12512941071032	1.66490068332047	0	0	0.66987682384842	9.05924160948927	1.03494694978275	1.53253756640531	0	11.7647100040172	4.12974303458105	0	0	10.2296802417091	2.90687547207673	0	0	0	2.82453913259552	0.57565515608567	6.51911311562624	0	0	0	0.495952096075776	0	0	0
TCGA-WN-A9G9-01A-12D-A36X-10	9.96760706108724	1.11295958257948	8.37052872875218	0	5.98014335698918	0	0	7.81598667293783	0	3.03163953990718	0	5.95085292780299	2.04123050816019	0	0	0	0.27575043621018	0	0	2.85931120422415	0	0.253648479153971	0	5.81369971843909	0.892020557250699	0	0	0	0	0
TCGA-WN-AB4C-01A-11D-A42J-10	2.28248216800617	1.56787814863862	22.7734079564821	0	0	1.27468612779045	0	0	0	0	0	0.289532382226035	0	0	0.27641488721351	0	0	20.394819178827	0	8.16185158598244	2.76218204660324	4.98175197760266	8.2836371566002	0	0	5.08650019005951	0	0	0	5.12663311539353
TCGA-Y8-A894-01A-11D-A35Z-10	0.795102931435594	0	6.67786440491436	4.39912125853832	0	8.94720355255779	0	14.1371006205762	2.50412513197813	5.65283866187321	0	0	1.99891083572518	0	8.91672824386111	5.46678166831132	0.219282801443892	2.15378710577789	0	6.81027461301625	0	6.27557099519922	0	0	0	4.04006949399346	0	0.0382783863968833	0	0
TCGA-Y8-A895-01A-11D-A35Z-10	0	0.392766540039038	34.3987187920266	0	0	0	0	0	0	0	0	3.54789763350253	0	0	19.9242067090149	0	2.52941821193724	9.61815921470263	0	9.16092917220214	0.838497234157423	7.99731928408432	0	0.205757398405283	0	0	0	3.47179982678051	0	0
TCGA-Y8-A896-01A-11D-A35Z-10	0	1.27315729634341	23.7290385504168	5.37055864798336	0	6.81421473398704	3.04547180677388	0	0	4.89063058816872	13.1925566707393	12.4415366095006	0	0	6.05233992100003	0	6.51242484460678	0	0	0.65558653059711	0	0.148335576639395	0	0	0	0	0	0	10.1154828249173	0
TCGA-Y8-A897-01A-11D-A35Z-10	6.66350241591124	0.921261012464841	28.0891103073426	0	0	3.06599734762869	9.914690828354	0	6.82890628427757	1.39961582191982	0	0	0	0	2.24010484246308	0	0	0	0	3.24886034771438	0	0	0	3.41397368247355	0	5.76991869606274	0.855500456806361	0	0	0
TCGA-Y8-A898-01A-11D-A34Z-10	0	2.00555041955105	11.4953185409703	0	0	4.93131133006777	3.94571450770085	0	0	0	0	6.6944439234343	0	8.60135668121358	1.16068497313139	0	3.60921016365469	4.42937693444362	0	0	0	8.30264518412063	0	0	0	0	0	0.823946697228837	0	0
TCGA-Y8-A8RY-01A-11D-A36X-10	1.14200450674149	4.4168256148082	6.84937057237904	8.6636378654487	0	0	0	0	0	7.30732023066562	0	9.50107893002435	0	1.58519724135751	0	0	2.70924981912929	0	0	0	0	10.966592721383	6.59968456118136	0	0	0	0	0	0	0
TCGA-Y8-A8RZ-01A-11D-A36X-10	0	0	23.2680278612188	0	4.38171632446504	0	0	8.50420740699876	0	1.79475122586643	0	0	1.02047037814606	0	0	0	0	0	0	12.2733309827069	0	4.04815281442558	0	0.810375049348271	0	7.39332193134505	0	0	0	0
TCGA-Y8-A8S0-01A-11D-A36X-10	0	0.102274803847566	11.3823307340221	2.69742759449643	0	1.7689187418915	0	0	1.64949789744399	0.398556683995361	7.04416182851124	0	2.57705744799091	0	0	0.650777199261419	0.172424055848777	3.06248060752156	0	2.227846584572	1.16779569322265	4.08968221741979	1.0380201321239	0	0	0	0	0	0	0
TCGA-Y8-A8S1-01A-11D-A36X-10	0	0	16.4976598877699	0	0	0	3.83916974121772	2.38057856724375	0	0.366457005174451	0	0.774071461504233	0.8698537187671	0	2.76182353272104	0	0	0	0	13.1509455435381	0	0	0	2.12905731147057	0	0.628441033510127	0.0406938372947516	2.95087841829796	0	0
