Sample	Signature.1	Signature.2	Signature.3	Signature.4	Signature.5	Signature.6	Signature.7	Signature.8	Signature.9	Signature.10	Signature.11	Signature.12	Signature.13	Signature.14	Signature.15	Signature.16	Signature.17	Signature.18	Signature.19	Signature.20	Signature.21	Signature.22	Signature.23	Signature.24	Signature.25	Signature.26	Signature.27	Signature.28	Signature.29	Signature.30
TCGA-2V-A95S-01A-11D-A36X-10	5.05697314881277	0	0	0	0	19.7135069303398	3.79463570378596	0	0	0	0.897643576548005	0	4.76351277505218	3.36358578997401	0	39.4312557775583	0	14.1156831154763	0	0	0	2.06398307288224	2.58718131983718	0	0	2.20982099063833	0	0	0	1.76652872435579
TCGA-2Y-A9GS-01A-12D-A382-10	11.6868976281067	0	0	8.63670468746194	0	0	0	0	0	0.965140648946075	0	0	2.01813035677016	0	20.0882358995631	0	0.749654329834098	2.06637450455635	0	0	0	0	0	14.4192993071559	0	7.30423769492328	0	0	1.35269278905546	0
TCGA-2Y-A9GT-01A-11D-A382-10	3.37856854249055	0	0	0	0	14.0940966654858	0	0	0	0	0	22.7065407804139	0.656877252535114	0	3.99240357438529	0	0	0	0	0	0	5.33394555445001	0	27.3595424669049	0	0	0	7.36448034259899	0	0
TCGA-2Y-A9GU-01A-11D-A382-10	36.7231612219517	0	30.1443164714176	6.12862471570593	0	0	17.6549320765382	0	0	0	0	0.786176236331623	2.75973176173408	0	21.6878923631432	0	6.40158811866594	3.15663135950258	0	0	3.95600586146176	6.26794877440056	0	2.19793254714243	0	21.1022685723512	0	0	0	0
TCGA-2Y-A9GV-01A-11D-A382-10	7.01530416975181	0	1.2039280370198	18.1647939985384	0	0	0	0	0	0	0	0	2.50030835141093	0	0	15.5861370198947	1.46479252009878	0	0	4.40401228725919	0	3.47614648372804	0	0	0	12.4879989994228	0	0.873691548409918	0	0
TCGA-2Y-A9GW-01A-11D-A382-10	17.8238144241808	0	6.00470480969163	10.8630632670193	0	0	0	0	0	0	0	2.51721072567721	0	0	0	0	3.88492003594121	0	0	0	13.3548372643321	2.21526854293961	7.47731631922094	5.0930396491391	0	0	0.498892206229734	2.55090920333146	0	0
TCGA-2Y-A9GX-01A-11D-A382-10	0	0	5.7568225677294	3.5736102632941	2.22637745107135	0	7.16399491377851	0	0	0.326836480009967	0	0	0	3.37229747821186	0	3.11538917191943	0	7.67746743655996	1.98371427240428	6.33742025333378	0	8.7242713414717	0.192442851545697	2.38647439633007	0	2.72816721109207	0	0	0	0
TCGA-2Y-A9GY-01A-11D-A382-10	18.7790931330845	0	0	9.63282405689154	0	0	0	0	0	0	0	0	8.22510442960415	0	0	25.1155019955805	9.01585468774189	0	0	0	0	0	0	3.5429502807219	0	0	0	0	0.0441822227783183	0
TCGA-2Y-A9GZ-01A-11D-A38X-10	5.05185007382759	0	18.4255898829008	3.26463248178769	0	0	0	5.83208654644359	0	0	0	10.4133215839339	0	9.44541202876183	0	0	0.659010997686776	0	4.07127499433607	0	0	3.21629712178839	0	21.1503201146195	0	0	0	0	0	11.4669076508591
TCGA-2Y-A9H0-01A-11D-A382-10	0	3.04403574950784	15.0138640162001	1.31854787030913	14.4759330521611	8.02910869728092	0	0	0	0.231110446438983	0.653565254700638	0	1.50666755031672	0	0	0	0	0.938479647111179	0	1.3936281979118	6.20385679756695	7.70435107896739	5.61326655528958	10.0916059969331	0	0	0	0	0	3.41700629688742
TCGA-2Y-A9H1-01A-11D-A382-10	5.90416075115902	1.33851847480998	29.2799677223791	5.67560187698155	0	2.27260083088979	1.85604935354185	0	0	0.935875574192216	10.1867082452703	11.9459627616298	0.143908314541981	0.160077440114328	0	30.0439134594933	5.08040106658481	0	4.36325443810454	0	0	5.11947255362434	0	5.56036066538616	0	0	0	0	5.91075534169255	0
TCGA-2Y-A9H3-01A-11D-A382-10	6.65721378810143	2.69872387317641	73.5428484462825	9.77051454887017	0	19.2570879363922	0	0	0	1.45401044034841	0	6.41188863251455	0	0	0	0	3.33926932154799	0.565996998953995	21.4682928726799	0	16.8622064246928	4.96434460614654	0	16.5613719601847	0	0	0	0	0	0
TCGA-2Y-A9H4-01A-11D-A382-10	5.99329269679249	0.739323535075455	0	4.04974706119775	0	0	6.46148446254052	6.04072808939834	3.09925268033126	0	0	4.41152665045748	0	0	3.87773688459009	3.58875952801406	0	0	11.2015095997373	0	2.46473376009189	0.704295709040747	0	8.7132615462646	0	0	0	4.87744081442426	3.8133871514181	0
TCGA-2Y-A9H5-01A-11D-A382-10	9.25341088183031	5.32321630851323	0	0	2.2569696522386	21.4377866887134	5.23771045964748	1.58125191175684	0	5.59570319710867	0	6.52773939204715	0	0	0	0	2.16840190422187	0	0	0	0.398753626566702	1.21879332016623	0	9.14102982111095	3.54339843263806	0	0	0	0	0.887478866915877
TCGA-2Y-A9H6-01A-11D-A38X-10	6.73989438553844	0	0	0	0	8.26107702495398	4.52916253555327	0	0	0	9.02680044985201	9.36843732254328	0	0	0	11.8581305560002	0	0	0	1.720447289644	0	0	0	9.6294999349072	0	1.22837374213105	0	0	1.66146008881491	0
TCGA-2Y-A9H7-01A-11D-A38X-10	18.3740472850233	0	17.4127800354051	0	0	7.39579143395669	7.62592546770498	4.59483163375797	1.66131416685817	0	0	0	0	0	0	0	0	1.82005265741672	0	7.66782823908646	0	6.67980346183481	0	11.6858157690291	0	0	0	0.497493403726187	0	0
TCGA-2Y-A9H9-01A-21D-A38X-10	17.2768424244819	0	0	31.345346737857	0	27.0015494918162	0	0	0	6.2636053156097	0	3.18189911572001	3.75532467756641	0	0	36.0181483443316	1.97007992446328	5.95368863829103	0	0	0	0.742647056388013	0	0	0	0	0	0	0	0
TCGA-2Y-A9HA-01A-11D-A38X-10	21.0933915307519	5.56806773509788	0	33.429475575801	0	0	0	0.616698192972819	0	3.30835993957142	6.58713756384483	0	1.44181486527773	0	14.4288070392688	24.2235830509204	0	1.11790923729859	0	0	11.1336918244383	1.57939954010745	0	9.80091617832717	0	4.12730406504607	0	9.99417829332368	10.2662349762475	0
TCGA-2Y-A9HB-01A-11D-A38X-10	0	0	9.78055073106207	9.69907713367758	5.74289474388346	9.15293602009687	5.39647255737247	0	0	0	0	0	0	0	15.4054984167594	0	1.24890066471146	7.57651865756365	0	0	0	2.84939033392232	0	0	0	4.80541378111196	0	2.66672186324539	2.09691865544937	0
TCGA-3K-AAZ8-01A-12D-A38X-10	2.97081044707302	0	0	24.0497689723681	0	19.6751748551142	0	0	0.0107626217042856	0	2.3122685830167	6.59483029067767	1.31397115796103	0	0	22.5215027357891	0	0	0	0	9.58160723210334	13.005355752523	4.09505019694982	13.5550535767784	0	0	0	5.40226782227543	0	12.4065351109193
TCGA-5C-A9VG-01A-11D-A36X-10	30.1364280401801	0	40.106953486453	0	0	5.57463130335485	0	0	0	2.57793325377546	0	0	0.911656207684322	0	17.2415979275274	0	0.00895585052379679	0	0	0	3.03224117340549	0	0	0	0	0	0.852416135854685	9.29737725908212	3.28225602705773	18.6015148329954
TCGA-5C-A9VH-01A-11D-A36X-10	12.4091028631548	0	5.70362765202064	8.34204037580997	0	0	6.97756347380785	0	0	0.594904717579639	0	4.78558077863759	5.44457770100198	0	0	9.17544757661578	0	0	0	23.7938347341066	0	3.73439984125457	0	21.0263126594997	0	0	0	0.50415296726412	0	0
TCGA-5C-AAPD-01A-21D-A38X-10	7.56181128323799	0	0	20.8470340248924	0	0	4.64551317729749	0	6.80436589230728	0.534563454977971	3.16566347984646	0	0.427076511351658	0	0.840545626469028	3.00604897041742	3.35413891865233	2.08907844654445	0	0	0	0	0.375767437680973	0	0	8.11394580614781	0	0	0	0
TCGA-5R-AA1C-01A-11D-A40R-10	0	0	1.60593873314765	12.5071617494077	0	10.1679390015138	0	19.7426414644613	0	1.92315148456396	0	12.9596793256457	4.39237977264391	0	0.582296450634346	1.37360324068509	0	4.99763924637937	0	0	1.85420702196955	9.58397539475224	1.06179654564885	0	0	0	0	2.04276683959435	0	16.5526196495708
TCGA-5R-AA1D-01A-11D-A382-10	8.10503779856293	0.540057069141821	0	0	0	0	0	0	0	0	0	0	1.48056491108836	0	0	2.34026823471849	0	0	0	1.67422280182309	0	2.62186839121318	0.695545013560446	0	0	0	2.24102203702475	0	0	0
TCGA-5R-AAAM-01A-12D-A40R-10	0	0	16.202218861566	8.42169990771069	0	29.248958922301	0.0507600288382936	0	0	0.545242983737626	0	3.03861654756964	3.32378667779421	0	5.28075349360154	12.2385110078122	0	0	0	0	0	4.54540068644991	0	4.70889670463254	0	0	0	0	0	0.52528804748163
TCGA-BC-A10Y-01A-11D-A12Z-10	0.385969828590287	0	0	6.20110990713938	0	1.14617873855535	0	0.149154879764957	0	0	2.19692159875781	9.91673009054101	1.06156735956275	0	12.8304614602663	29.5980986417695	0	0	0	0	0	0	0	0	0	0	0	0	0	0
TCGA-BC-A216-01A-11D-A152-10	22.2240256099709	0	1.4789356005513	0	0	0	0.846018254986395	0	0	0	0	0	0.0625941220506565	0	9.48721142591188	14.8552890284112	0	9.13104376227359	2.60891767144337	1.03107597505533	4.93212307745526	0	3.94362112860377	0	0	0	0	0	0	0
TCGA-BC-A217-01A-11D-A152-10	11.4910182308143	0.443207610158537	0	37.742696176892	0	0	0	0	0	0	0	16.3981907554927	7.55297975731701	0	0	13.8590417595463	2.22618586554885	0	0	13.646345932331	0	0.672011931451423	2.31780009271969	0	0	0	3.09119628902016	0	0	0
TCGA-BC-A3KF-01A-11D-A20W-10	2.20534744803834	0	0	0	0	0	6.65877764428812	11.8957245427907	0	0	0	36.4514222645934	0.859152098653234	0	9.11843056551938	0	0.328936922007117	0	0	0	0	9.7128102333373	0	19.5942864194711	0	0	0	0.60213206939022	0	0
TCGA-BC-A5W4-01A-11D-A28X-10	8.53629570358075	1.41728323446309	7.38387702868546	5.90884726592306	0	0.404683676844524	1.04603956314523	11.5416385863018	0	0	0	7.11804476894068	0	0	13.8649762409366	0	0	0	0	0	0	0	0	0	1.61116938092707	0	0	5.58754205356778	0	0
TCGA-BC-A69H-01A-11D-A30V-10	4.43665837728373	0	9.1391095476753	53.7710727737395	0	1.26100427160647	12.2852470353034	0	0	9.83869645710917	0	0	0	0	8.22247474192155	0	0	0	0	0	11.0341258698877	3.97725094978558	0	0	0	0	0	0	0	0.0834323604068563
TCGA-BC-A8YO-01A-11D-A36X-10	10.7167450039328	0	2.2983272904705	24.4156768625136	1.30808032944756	0	1.04379576221195	0	0	0	0	0	3.64055586609753	0	0	0	2.70660222048951	1.09816131617657	0.307620392836654	0	8.57241206865353	8.50702314766288	0	4.4347397591515	0	0	0	0	0	3.2183735538878
TCGA-BD-A2L6-01A-11D-A20W-10	0	2.73008942411026	0.49867242175639	15.646940722423	24.6411156479679	0	0	0	0	0	0	0.013326215107455	2.25160418541426	0	0	0	6.52113822584343	0	0	4.1741731367876	10.3155277228738	2.63733061847	0	6.69832870338242	0	0	0	0	0	0.121373777427534
TCGA-BD-A3EP-01A-11D-A22F-10	11.2030683070546	0	12.2076734353774	0	0	0	2.62604108773522	0	0	0.305391986757577	0	0	5.02329771527347	0	10.7033318701826	17.2050192199357	0.179514532609911	0	0	0	0	1.66061142124881	12.4644402029857	0	0	2.76830201876593	0	4.24918290217576	22.1334272205082	0
TCGA-BD-A3ER-01A-11D-A20W-10	0	0	2.49916273762777	0	0	8.5920786495474	0	0	0	0	2.21732171974986	0	0	0	0	7.2600713059726	0	0	0	0	0	1.84335696713929	0	16.6694782383041	0	0	0.95185311478407	5.49484903324834	2.32835201114882	12.0374047170149
TCGA-CC-5259-01A-31D-A20W-10	11.4210164844061	0.262767173653016	23.0574481353738	12.6238216784117	26.8141573927563	8.50515094800407	0	3.64744421376376	0	2.06404977471769	0	0	2.70470125125304	0	0	0	0	4.87854025041077	0	0	0	33.8228740353416	0.649683174424615	1.23388566206995	0	0	0	0	10.0800640754414	0
TCGA-CC-5260-01A-01D-A12Z-10	13.7399617406972	0	0	0	0	0	2.40733734386199	0	0	8.75707645549793	0	0	0	0	5.05635324145974	0	0.43103596507499	0	0	0	0	11.2634417066161	0	0	0	4.42541855571618	0	0	6.49066248218594	2.59680748038207
TCGA-CC-5262-01A-01D-A12Z-10	12.6082612690007	0	0	52.4729955066323	0	0	0	0	0	0	0	0	5.23208252552219	0	7.77543703080498	22.633169758716	6.95826907963087	0	0	0	0	5.41776927171291	0	6.88479413363317	0	4.87609179563299	0	3.36610974467635	0	0
TCGA-CC-5263-01A-01D-A12Z-10	0	0	0	44.4439419190629	0	0	0.241372199417239	0	0	0	0.437750325706712	14.46558950574	0	0	1.32244453496675	0	7.32350596457928	0	15.56462243162	2.80620931820166	0.989146968540004	17.7405726875814	0	9.95669486027305	0	0	0	0	0	6.19149763948185
TCGA-CC-5264-01A-01D-A12Z-10	0	7.95124470258071	1.24696265853406	43.0982661038303	0	1.86713612749856	0	0	0	0	0	6.56214091625222	0	0	0	3.57917382366967	5.58025793872989	0	0	1.30275083422869	0	6.71899086067063	0	7.05523974223236	0.753635062573651	0	1.59046352819914	0	0	4.82100482755234
TCGA-CC-A1HT-01A-11D-A12Z-10	0	1.67495622136754	0	24.286585431852	0	19.0244589934777	3.40742371073998	0	0	0	7.68642406443234	14.4364782513507	0.339411778659698	0	5.01636547492896	1.76566765846581	1.56684853613512	0	0	0	0	0	0	1.48123336101418	0	0	0	4.70513120941565	0	0
TCGA-CC-A3M9-01A-11D-A20W-10	13.4884076201491	0.48766135074848	0	0	0	3.12986804824958	5.46781369731255	0	0	0	0	18.6005050161767	5.98894227584874	0	0	12.3383793977386	0	0	5.94123831022051	2.15474125860375	0	19.7592742575056	0	26.5860823193954	0	0	0	0	8.92859969421604	8.81535814959499
TCGA-CC-A3MA-01A-11D-A20W-10	18.9344685235434	3.42151853672893	0	0	0	0	0	0	0.549644256258646	0	0	0	1.42567467658229	0	2.82595099919677	0	0	5.87600973294027	0	8.8552003840554	0	0	0.78481932839423	0	0	0	2.97037903125805	0	0	0
TCGA-CC-A3MB-01A-11D-A20W-10	1.37316128839378	0.321792265317363	10.8481729949153	0	0	0	0	8.21482303463747	0	0	0.64310903737501	0.809510430820635	1.97428538848774	0	0	0	0	0	0	13.1933274127799	1.54799403907024	0	0	29.3421473700985	0	0	0	3.72122149920274	0	0
TCGA-CC-A3MC-01A-11D-A22F-10	14.7824182162808	0	0	6.04584151628392	0	0	0	0	0	0	0	0	4.13692777239473	0	7.72547692331132	26.4524593647081	7.87214633558159	0	0	0	0	12.1846831189637	0	27.3828231624122	0	0	0	0	0	0
TCGA-CC-A5UC-01A-11D-A28X-10	5.78391086450072	0	0	11.6838188614986	0	2.69154784603562	0.0976107792579424	0	0	0	0	12.3398199367456	2.01093539171752	0	2.74455416058585	5.26561048594406	4.88628190950528	0	0	0	0	0.189473949275847	3.88609528017189	0	0	0	0	0	0	2.62989239975136
TCGA-CC-A5UD-01A-11D-A28X-10	6.25461732697721	0	1.97867979855267	43.0595174425897	0	1.83547874246563	0	0	0	0	1.67747379184108	0	1.32899803015211	0	1.29083275938494	3.81302061240562	0	0	0	0	1.00574527160318	122.652917735551	0	8.81188337463787	0	0	0	3.6528683256316	1.60266039200023	0
TCGA-CC-A5UE-01A-11D-A28X-10	10.0380772873612	0	0	26.3961882379155	0	5.23740777142749	4.01315331023661	0	0	0.560625844854404	0	10.3541594835281	0.766768160290267	0	0	5.47818822232502	0.508156956436438	0	0	0	1.50987739793108	13.0049173896818	0	64.8216250807007	0	0	0	0	0	0
TCGA-CC-A7IE-01A-21D-A382-10	24.3358342972851	0	0	0	0	0	0	0	3.8116509118383	4.02602722645225	0	0.0495461664063952	1.62077821626481	0	13.1730741646712	43.6063093004735	0	0	0	0	0	16.2185842286543	0	43.9783847212527	0	18.1039982692573	0	0	0	0
TCGA-CC-A7IF-01A-11D-A33K-10	0	0	2.87526718994565	23.3676151701907	0	33.2208162646289	3.07971054215518	0	0	8.5372067194389	0	3.33018032157312	3.26023997107419	0	0	25.8924934260419	0	1.25436477832748	0	0	6.14398825819094	7.9509723009698	0	9.71264167851393	0	0	0	0	0	0
TCGA-CC-A7IG-01A-11D-A33K-10	0	0	35.8457795980422	0	0	9.1678280028162	0	0	0	0	0	1.0138263409342	3.06504907240342	0	3.3528157034371	0	0	0	0	10.5576932576552	0	1.07835525467919	5.16878446465596	82.0466136369427	0	0.623735819810414	1.07114877305853	5.46403581820127	0	0
TCGA-CC-A7IJ-01A-11D-A33Q-10	0	0.332117089978734	51.9924929791016	0	0	23.4265976379759	6.17897254545104	0	0	0	0	5.10568027121782	3.47745883476792	0	3.1385052919638	1.90506517130851	2.37231399019768	0	0	0	0	3.61612169674316	0	19.7551528503052	0	13.1975922911691	1.46337074905396	0	2.0656234381307	6.6361160573992
TCGA-CC-A7IK-01A-12D-A33Q-10	0	0	13.5336765624486	20.4384071488233	0	0	0	0	0	4.24589105751901	0	18.0359254690879	0	0	16.1399855027739	21.4693318286946	11.8225477937358	10.6972144628128	0	9.85105454070376	0	91.6556483163847	0	19.4679768829822	0	68.0965895723792	0	1.68967951750292	7.69410167072096	0
TCGA-CC-A7IL-01A-11D-A33Q-10	0	0	0	0	0	15.076236615624	0	0	0	0	0	0	3.47971679614799	0	0	8.58824299942265	3.75026106083945	0	0	6.95999669962472	5.36807094594489	1.36403950586571	0	45.3709369469539	0	0	0	0	0	20.8033932850907
TCGA-CC-A8HS-01A-11D-A35Z-10	0	0	27.5843927777435	0	0	9.06834758302844	0	0	0	0	0	0	3.37094260911842	0	9.7359594674915	0	0	0	1.09712210059325	0	0	0.435345180077091	0	4.71760991902406	0	0	0	0.957696428547409	0	0
TCGA-CC-A8HT-01A-11D-A35Z-10	16.7327810540709	0	0	24.8381359715707	0	0	1.89949571167176	0	10.3394037004665	9.32545677849033	3.03942890702783	0	0	0	0	26.3066306643293	3.31332390307477	1.6601388461011	0	0	14.727175236445	0	0	81.4832781605314	11.4003433105594	0	0	1.89965621968219	0	3.85985925406552
TCGA-CC-A8HV-01A-11D-A35Z-10	18.1614256029817	5.99745069193458	0	0	6.30272556379852	1.45477441360528	0.954243988617687	0	0	0	0	12.7995249184445	4.02118862065428	0	22.6826576224683	0	2.39025747375508	0	0	0	0	8.14758201684999	0	60.3617793803793	0	0.264397053003777	0	0.672682053340349	0	0
TCGA-CC-A9FS-01A-11D-A36X-10	2.9788069879433	0	19.4341421105358	0	8.83334535965607	0	0	0	0	4.18147033964442	0	0	0	0	8.43838891824686	0	5.39294057105324	0	0	0	1.22898341473696	2.05884689888686	0	42.9128855887144	0	0	0	0	0	14.7649396381657
TCGA-CC-A9FU-01A-11D-A36X-10	0	0	0	0	0	2.77680955036123	0	11.6483812759121	0	0	5.50232137583311	0	3.77229835964416	0	2.18564421249054	0	0	0	0	0	0.669212967798063	2.61382184776669	8.00270871768853	12.9032522290159	0	0	0	0	0	0
TCGA-CC-A9FV-01A-11D-A36X-10	7.08178441857379	1.59305280972054	0	0	0	3.33329226459676	0	0	0	0	0	0	0	0	0	9.64803512465166	0	0	0	1.7554560062152	0	0	0	0	0	0	0	1.57418292228989	0	0
TCGA-CC-A9FW-01A-11D-A36X-10	16.5171560262243	0	0	28.3023718298863	0	1.03414500332504	0	0	0	0.136777326884639	3.88094722770485	1.21595220864952	0	0	8.02781471312001	51.4734696971234	2.89460222190614	0	0	0	0	16.6994297928711	2.3657819998573	15.7122838957437	0	0	0	7.14408040960059	0	0
TCGA-DD-A113-01A-11D-A12Z-10	37.8059088635271	0	29.0098951978874	35.2192396254204	0	5.1449689045958	0	0	0	0.450366952385536	0	0	3.21176072328055	0	0	14.9326958514977	0	0	10.2533410625369	0	0	2.02418445413098	0	0	0	0	0	0	0	16.8248983597141
TCGA-DD-A114-01A-11D-A12Z-10	4.36878269895733	0	0	0	0	0	4.72876147527634	0	0	0	0	5.74101189613324	1.50845263454158	0	0	0	0.128883739421224	0	0	0	0	4.86812602199926	6.57578738883961	70.7988308208091	0	0	0	0	0	2.37701810170855
TCGA-DD-A115-01A-11D-A12Z-10	0	0	0	29.6831669525549	0	0	1.06483133029211	0	0	0.0319838284735802	0	0	5.23585300407267	0	0	0	2.51409232317644	0	0	10.5416365697468	7.07506534562739	2.87187835833392	6.51060923985684	11.5001659675304	0	0	0	0	0	1.48881981735626
TCGA-DD-A116-01A-11D-A12Z-10	8.94617258995244	0.632596363623218	29.0530271831098	0	0	0	4.21286739003265	5.87202794176349	0	0.670717766731858	0	13.3684551324998	2.64915119390299	0	0	0	1.21599673507769	10.791676274921	0	20.6926261882775	0	1.82270073268224	0	4.2816301958139	8.19088996086086	0	0	0	1.37013349056154	0
TCGA-DD-A118-01A-11D-A12Z-10	21.3333374898382	0	1.58128792179555	0	21.1734115323196	17.0983919009144	4.55031246553393	0	0	2.33536998813637	0.53686032196137	0	0	0	0	0	7.29554642452913	0	0	0	10.7509891536685	5.35208752479804	0	11.4713839785514	0	0	0	1.21360901885133	3.40463228309103	0
TCGA-DD-A119-01A-11D-A12Z-10	9.83917713568111	0	0	0	12.5617738353227	10.6709394342341	1.86808537720183	0	0.219324613386937	0	0	17.1280931691514	0.757050757500954	0	6.7850716072518	0	0	0	0	0	0	1.83017640304053	0	6.61675372423153	0	0	0	2.10721346215744	0	0
TCGA-DD-A11A-01A-11D-A12Z-10	6.79550574404805	1.81069372512634	12.7780291925851	27.5624748317089	0	6.63213456277484	10.7833132122598	0	0	6.32672871149787	0	4.57699461461532	11.9404157710306	0	0	0	0	0	0	0	12.7111830108113	0	0	0	0	0	0	0	11.3546592686006	13.7258843906146
TCGA-DD-A11B-01A-11D-A12Z-10	0.793398097292242	0	12.69421914272	0	4.56394636692058	0	0	0	0	0	0	0	0	0	0	13.7216054245462	1.05741036492058	0	0	3.37163728273317	0.749130957242508	0	0	0	0	0	0	0	0	13.9839599040455
TCGA-DD-A11C-01A-11D-A12Z-10	12.5923936284453	0.386399311542726	14.2841950209447	0	0	0	0	0	0	0	0	10.0052376046808	0	0	17.2241362691911	5.526452902489	0	3.04344221752402	0	0	0	0.563911824080847	0	11.7468364188024	0	0	0	0	0	6.17161425696862
TCGA-DD-A11D-01A-11D-A12Z-10	0	0	0.754289817298972	35.943832065547	0	0.0264987914254788	3.38087785060731	5.42452456235809	0.781399292092278	8.41868856540655	0	27.9269109778955	9.50792651329185	0	0	0	3.16969707019331	0	11.0042326475592	0	0	0.163210153291608	0	0	0	0	0	0	0	0
TCGA-DD-A1EB-01A-11D-A12Z-10	10.5572384367801	0	39.6733776305213	26.8483929806935	0	9.0518542214608	0.964669115598926	11.7876109406906	0	0	0	6.60275391710055	3.35018463459218	0	3.90541558765039	13.9534387639845	3.47503706740367	0	0	0	10.9693351541555	0	5.31397679317936	7.32699519372465	0	0	0	0.645687819110916	13.0596979966433	0
TCGA-DD-A1EC-01A-21D-A12Z-10	5.11760685771841	2.23293134518087	1.63531894778233	0	0	8.28875558732347	0	0	0	0	0	3.94388223642222	1.25527585537092	0	0	0	2.6360680694018	1.46234924066993	0	0	0	0	0	0	0	0	0	0	0	0
TCGA-DD-A1ED-01A-11D-A152-10	0	0	0.139516903321732	0	0	0	0.507247023311582	0	0	0	0	1.55007511417639	2.29479383998157	0	0	1.40055635486358	0	0	9.08645513255454	0	0	0	0	5.02027286430671	0	0	0.567877340417417	2.68113160195425	4.04887054239582	0
TCGA-DD-A1EE-01A-11D-A12Z-10	67.3454413795307	0	63.4639332939412	142.712858269278	58.4403144119025	0	16.8228819411952	0	0	0	10.0125732127853	0	13.1799621626785	0	20.275060847908	49.3311601405936	12.249262839013	0	0.922987711945277	4.42879032805649	0	14.1822338436209	0	116.142091279236	0	22.7454274559388	0	0	0	0
TCGA-DD-A1EF-01A-11D-A12Z-10	11.944634859985	0	5.61935707320456	0	2.88681928603958	0	0.0664306580781193	0	0	0	0	17.0287925529795	1.99474263969898	0	18.1114176748112	30.1586740673038	0	0	22.7569991207887	0	0	8.30786369570061	0	0	0	0	2.44931200426773	0	0	0
TCGA-DD-A1EH-01A-11D-A12Z-10	14.5613954726573	0	0	0	0	10.5723436770758	0	0	0	0	1.22679972485208	0	0	0	2.35394692740126	1.81758137790508	0	8.38613495804982	0	0	0	1.73971625981487	0	0	0	0	0	0	0	0
TCGA-DD-A1EI-01A-11D-A12Z-10	0	0	0	3.062964127592	0	8.15283541974849	0	0	0	0	0	2.06462616725506	0.244694862661456	0	0	24.2493326387721	0	4.17928161311034	0	0	2.78798981109554	0	0	0	0	0	0.135914164909167	3.57472918328103	0.404018798841011	7.30771628462504
TCGA-DD-A1EJ-01A-11D-A152-10	18.6972005993197	0	17.5920685086002	2.60628622254273	0	0	7.80313395758151	0.884873278818705	0	0	0	6.42341341463486	0	1.80886444268886	0	0	3.89709054359045	0.345980252195259	0	0	0.169807568249404	0	0	0	0	0.0863383476412583	0	0.497850364056311	0	0
TCGA-DD-A1EK-01A-11D-A20W-10	7.08471334033225	4.9184044046631	6.56307126709603	17.7801543033605	0	0	6.6110574324588	0	0	0	0	0	0.109688888921031	0	0	0	4.21983127499033	9.26334755237597	0	0	3.87207247901912	0	0	2.72997081189414	0	0.573465383039288	3.68498613280068	0	0	0
TCGA-DD-A39V-01A-11D-A20W-10	7.90399514083147	0	16.1438088282462	0	0	9.52603229854937	4.34259239820766	0	0	0	0	0	1.07123751133508	0	12.6440948276672	12.5859177966505	2.16055571048924	2.04722578649487	0	0	0	0	0	3.25075331672962	0	0	0	0	0	0
TCGA-DD-A39W-01A-11D-A20W-10	12.2684754695626	0	0	2.40920217499102	0	0.961839156948091	0	0	0	0	0	2.28899375171399	0.482716837321745	0	0	0	0	0	0	0	2.11897669894532	0	0	7.85265631034618	0	0	0	1.8884427903067	0	0.846573859023877
TCGA-DD-A39X-01A-11D-A20W-10	22.639604400236	0	0	0	0	0	4.15388559842633	0	0	2.27127599811224	0	0	0.644699174095833	0	15.0037622776455	0	6.17442653616594	0	0	0	1.74659183250048	3.69405357303688	0	4.47498058816837	0	2.09365740954502	0	0	0	0
TCGA-DD-A39Z-01A-11D-A20W-10	9.37284210547671	0	14.4690520083811	5.27411734646291	0	0	4.25115820629524	0	0	0.64149092181808	0	0	0	11.8171954001779	0	0	0	0	0	9.61934844338574	2.99067644296049	0.205473941519789	0	5.92805744242399	0	7.46504395789953	0	2.39731031100608	0	5.81237425002027
TCGA-DD-A3A2-01A-11D-A20W-10	10.7242204242996	1.91483242430339	23.4692082638983	0	0	0	3.55231007894475	0	0	0	0	0	0	0	16.6044662871834	0	0	0	1.10066050084294	0	0	0	1.28953710587135	9.11903790128904	0	0	0	4.3607177520565	0	0
TCGA-DD-A3A3-01A-11D-A22F-10	5.03163607557954	0	6.38417684172701	0	3.7685025964362	7.86501861821182	3.47889866499827	0	0	0	0	0	0.875653168398534	0	0	0	0	8.72453892357668	0	1.16915271819439	5.98271972296728	0	0	0	0	0	1.68249488540452	0	0	4.22937559364785
TCGA-DD-A3A5-01A-11D-A22F-10	8.94191033470054	0	0	0	2.51497362210907	11.0163280524765	0	0	0	1.46314595669309	0	7.81146464763945	2.19251697498912	0	12.0645134159467	9.42190480527544	0	9.20407941516392	0	0	0	0.751868520064109	0	2.64525733644101	0	0	0	0	0	0
TCGA-DD-A3A7-01A-11D-A22F-10	16.5032683803868	0	0	0	0	0	0	0	0	0	0	0	0	0	0	68.1978534204369	2.91217798037656	0	7.33223560090973	12.0764422408444	2.80676856593619	0	0	14.552827282565	0	0	0	0	0	0
TCGA-DD-A3A8-01A-11D-A22F-10	14.9082002960361	0	42.6106351407816	2.80339102607772	0	2.26367310947095	1.09002930225536	0	0	0	0	0	3.4914159625312	0	0	30.1966270508987	0.795662944445369	0	0	0	0	0	0	15.0776958372392	0	16.9883119069238	0	0	0	0
TCGA-DD-A3A9-01A-11D-A25V-10	11.2143392545156	4.83480144361055	75.6866889519149	8.27504229840343	46.4142472499681	0	6.84124425420597	23.6011598639388	0	0	0	53.2067794704902	0	0	10.5091425965666	0	10.0573624629952	0	55.5454051853282	0	28.7970175309129	20.524644264196	6.68066162419955	0	0	0	0	0	0	0
TCGA-DD-A4NA-01A-11D-A25V-10	7.31215511685566	0	0	0	0	0	0	0	0	0	0	0	0	0	5.98292608350674	0.645380202551463	2.21869326260374	0	0	0	0	0	1.93580526691652	9.5670161152887	0	0	1.55750842127574	0	0	0
TCGA-DD-A4NB-01A-12D-A25V-10	0.603275655131959	0	0	1.29932908930296	0	0	0	5.07562575831488	5.09287955688634	0	0.535411291785825	0	2.39105806493452	0	0	0	0.300112019116658	0	0	0.443235359565066	3.72201727762168	0	0.16592422518577	0	0	0	2.19989133161425	2.73372374171586	0	0
TCGA-DD-A4ND-01A-11D-A25V-10	10.5439630077707	0	4.53376517912937	0	0	0	4.46834775601063	0	0	0.710524591563153	0	0	2.40329520371778	0	3.73292033258368	9.0917339744766	0	7.78757839737312	0	0	3.22142232751104	2.30300855071345	0	0	0	0	1.19259778311713	0.403743933871096	0	7.55598859982812
TCGA-DD-A4NE-01A-11D-A27I-10	9.27466583479475	1.50353721864176	0	0	0	0	0.997693737672108	0	0	0	0	0	0	0	3.31702185370018	18.9719449877269	0	14.879050343703	0	0	0	0	0	0	0	0	0	0	0	0
TCGA-DD-A4NF-01A-11D-A27I-10	0.293817808539664	0	25.2894405664134	24.5715580300472	28.5671575267521	16.4345106931354	0	0	0	4.65839212963368	0	0	0	0	0	0.375379486229726	0	0	0	4.37847429712925	3.26226599833384	0	0	8.78927367435191	0	0	0	0.464708920945419	3.42421187011035	14.9425331766664
TCGA-DD-A4NG-01A-11D-A27I-10	8.60312983114022	0.434342923924704	0	4.34618968500231	0	0	0	0	0	12.3905584869031	0	0	4.08731213150319	0	0	10.6595192918384	0	0	0	0	3.39452937028153	1.03356222611247	3.47144288574291	11.6304787238105	4.67587629970222	2.3527680246353	0	0.0674743107603299	0	6.95218212794867
TCGA-DD-A4NH-01A-11D-A27I-10	0	0	0	3.65982301921838	0	11.8444569931565	2.75067575178492	2.35915526794197	0	0	0	0	5.83940605864376	0	15.8791432917468	0	0	0	0	0	0	2.35296479045283	0	1.09069265362592	0	0	1.35727127279481	2.31464463737626	0	0
TCGA-DD-A4NI-01A-11D-A27I-10	16.872329438388	1.66479670257067	10.6685366246687	32.2523690160872	0	0	0	0	0	2.27926052272816	0	28.1517442647501	1.65823893172737	0	14.5788007668911	0	12.0601141336737	0	0	0	0	0	1.53109379436854	21.751870433727	0	0	0	5.69789786408613	0	10.5551849516338
TCGA-DD-A4NJ-01A-11D-A27I-10	6.75827002970245	2.46857271542023	10.3092509045188	15.5932256275184	0	0	0	0	0	0	7.34729082986505	0	0	0	0	0	0	0	0	9.20374251699109	0	0	0	0	20.6944630233262	5.2602684008995	0	0	0	0
TCGA-DD-A4NL-01A-11D-A28X-10	0	0	0	0	0	0	0.613753911513555	16.975279660374	0	0	0	0	0	0	0.565456602246049	4.00025470294485	0	0	0	0	4.29959522487789	0	0	1.76518017291746	0	0	0	0	0	0
TCGA-DD-A4NN-01A-11D-A28X-10	16.3467070056072	0	17.2656210136181	0	0	0	2.0476816530836	0	0	0	2.56658532717477	2.41465197222786	1.27311495385026	0	0	0	0	0	0	0.859246028151731	0	0	0	2.97323392160614	6.14896733049369	0	0	1.49656681515885	0	0
TCGA-DD-A4NO-01A-11D-A28X-10	0.778036601720259	1.12602467204676	0.0998138076913166	9.50510867640432	0	15.2602986634243	0	0	0	2.30500669761752	0	0	1.88597377678548	0	0	8.914718270413	2.43694821073376	0.395148554482693	0	0	3.35327969676073	6.28370641688306	0	0	0	0	0	0	0	4.24903238207751
TCGA-DD-A4NP-01A-11D-A28X-10	0.944686996870896	1.90218140557843	0.0165625144635203	5.59855713187214	4.7541902840521	0	0	0	0	2.11069845600293	0.462725876870934	0	0	0	0.0544735983325352	3.85122951014681	0	0	0	0	0	1.78859168543528	0	0	0	0	1.65748322949568	0	0	0
TCGA-DD-A4NQ-01A-21D-A28X-10	0	1.79722584058673	0	1.73147824373126	0	12.7069184843066	0	0	0	3.35131329929546	6.0054828037541	0	5.50242775688968	0	0	24.1795062964551	0	0	0	0	3.08169100087612	8.38087026624649	0	9.7137015572664	0	1.95075488257295	2.68769581783754	0	0	0
TCGA-DD-A4NR-01A-11D-A30V-10	0	1.65839521821414	22.9212273484809	7.28857703378943	0	0	0	4.9528827750709	0	4.65282377199429	0	0	0	11.0818614808055	0	3.76399463286377	1.29325075418335	0	0	0	0	0	0	0	2.06083860553038	0	0	0	2.94284937095171	8.17078688625763
TCGA-DD-A4NS-01A-11D-A30V-10	24.8596892441122	0	0	12.5466901902204	0	0	0	0	0	0	0.237139938011378	0	0	0	6.88600263031133	0	1.94031239589747	0	0	0	0.611117323000891	1.08514042762642	3.59810581277639	4.54650287380612	0	0	0	0	6.88242659767876	0
TCGA-DD-A4NV-01A-11D-A30V-10	26.8261576796326	0	2.54767208420016	22.9550493835185	0	0.516469226675231	0.817311146220767	0	0	0	0	0	3.84186219061775	0	8.83207036497267	0	4.75087974584548	0	0	10.7308739032981	0	12.9946066685904	0	0	0	22.8921131774071	0	1.38909347067283	4.48058990509646	15.6463604067662
TCGA-DD-A73A-01A-12D-A32G-10	0	2.03859017876271	0	15.0898108577316	0	9.35615514653079	0	0	0	0	5.83153790718448	0	2.84852813672286	0	8.79940394780421	0.524008408717848	7.52293275235975	0	0	0	0	14.8845078234017	0	19.9496353782117	0	0.26675407121575	0	8.63525154222839	0	0.865114978396845
TCGA-DD-A73B-01A-12D-A32G-10	13.2689309421837	0	0	0.461999965770457	25.4386139527141	7.79803541462668	0	1.5185403671528	0.823573519543711	0	0	0	1.25717877266972	0	0	0	0	0	0	0	0	0.321917747823918	5.72356081416421	0	0	0	0	6.06726376531561	17.1569202493583	0
TCGA-DD-A73C-01A-12D-A33K-10	0	0	1.77971243771527	4.35231922375169	14.1561122492665	0	12.8332407483995	0	0	6.31656080991206	0	0	0	0	7.18838320669875	18.3060840963823	0.452862583293836	0	0	0	0	1.88998482469293	0	10.177060189011	0	0.818101099172379	0	0.190258004921663	0	0
TCGA-DD-A73D-01A-12D-A32G-10	9.78956115549498	1.01985861487869	0	0	0	5.76637575211449	6.87360522272585	0	0	0	0	0	0	0	5.91347837310596	9.49459174806826	4.0849492321005	0	0	0	0	8.13561440645034	0	21.1474445732011	0	1.52864583535635	0	0.238559884771793	0	3.46967998758352
TCGA-DD-A73E-01A-12D-A32G-10	8.25237402685136	0	0	7.70837916062016	0	0	0	0	0	0	10.3068093448343	0	0	4.8067225239068	0	13.9271173424207	0	2.13055710889666	0	0	7.09275914400617	4.32668306123084	0	39.9475502640976	0	20.0526573431684	0	0	14.7973518994235	0
TCGA-DD-A73F-01A-11D-A32G-10	9.825010601344	0	1.54203061373769	13.8539807496202	0	0	1.42201752731403	0	0	4.63652924258869	0	0	0.115759570468752	0	20.1638001359922	9.64646834488014	0	0	0	0	0	1.03118796391292	0	13.444612378248	0	0	0	0.25692515079745	0	0
TCGA-DD-AA3A-01A-11D-A36X-10	11.3730517764774	0	0	0	0	6.41302352024135	0	0	0.58660965999769	0	0	0	4.38429438378582	8.14637507310886	0.942273641293185	0	0.647760943856344	6.34415257855822	0	0	0.829487903686136	4.59042195309578	0	0	0	0	0	0	0	0
TCGA-DD-AAC8-01A-11D-A40R-10	0	0	0	48.8124973133402	0	15.3947369802558	0	0	0	0	0	0	2.55774577300613	0	15.1597073154044	2.43709792389062	1.89884740330986	0	0	0	0.0553019882258754	433.45641391141	2.61524530486462	17.6575644526738	0	0	0	6.20420504690283	0	0
TCGA-DD-AAC9-01A-11D-A40R-10	0	0	9.89474748289608	5.25630757034558	0	17.6856883224389	1.01779956739019	0	0	6.88212815656805	8.68750190205158	0	0	0	0.701118488394644	17.0703634610687	0	0	0	0	0	1.70705376434861	0	0	0	0	0	4.44017538546955	15.7774568750109	0
TCGA-DD-AACA-01A-11D-A40R-10	6.53778860978967	0	5.81970351859765	0	24.034538496922	0	2.39842323403338	0	0	0	0	6.01691313836453	0	0	21.9541469890276	18.874641006427	0	0	0	0	0	2.91146490760844	0	0	0	2.33162343718256	2.27923311988172	5.46708564976602	12.120056502429	2.66318082747903
TCGA-DD-AACB-01A-11D-A40R-10	4.6509233105552	0.82528344390919	3.08971239409587	0	9.27172590287021	0	6.42625576451283	0	0	0	0	0	0	0	2.43104586944963	0	0	8.87458717213757	0	2.94931471137321	7.68961258660961	9.33209120994496	13.2587796310486	0.638109494792123	0	0	0	0.35444434815197	15.9180379965988	0.454851826104571
TCGA-DD-AACC-01A-11D-A40R-10	9.77136397333168	3.73220548482855	0.457656200195331	14.8838701947084	0	0	2.40657359910249	1.64609053645325	0	2.73725854707285	0	13.0210855740152	0.272501618234943	11.2785244557736	0	0	9.45921610041164	7.92009046285495	0	9.51252195383683	0	0	0	1.29425902431622	0	2.71891208277298	1.89469081356843	3.96802415663541	0	0
TCGA-DD-AACD-01A-11D-A40R-10	15.175084887777	0	0	0.44073051503464	0	0	3.40815791141038	0	13.4277617802791	0	0	4.47285057741372	0	0	0	18.2532809288319	4.84453083263529	4.40570923695561	0	14.9989905266795	3.01162622678115	2.62169866340585	2.35150228760608	0	0	0	0.306421093066216	0	0	0
TCGA-DD-AACE-01A-11D-A40R-10	0	2.00673962249383	0	31.8492080857472	0	16.7973258490937	1.66290330168162	0	0	0	0	0	1.76020793261937	0	7.68046611658474	1.92381154726488	0.302408577969103	0	2.0110068673234	0	0	8.23574871116032	0	0.690380018866351	0	8.12660823248031	0.93515576680285	4.09973457230998	0	0
TCGA-DD-AACF-01A-11D-A40R-10	5.61970166440016	0	7.86272397373147	6.85228536709061	40.1160584194587	0	5.85673137244217	0	0	0	0	0	2.22125025837721	14.7010106341821	25.7633900950962	9.60496275015634	2.83755937495448	5.40439105113346	0	0	0	4.77718354112234	0	0	0	0.971003646049656	0.192995907168382	0	0	0
TCGA-DD-AACG-01A-11D-A40R-10	10.4302630570455	0	10.7047535898626	12.9187359658546	6.50067685910978	0	0.035641281110692	0	0	2.05816253842869	0	18.5752852025533	1.03515594133763	0	0	0	0	10.9172076125604	0	0	2.19304347003536	2.63572812652716	2.49452590919333	0	0	0	0	7.4808725204473	0	10.3924004112808
TCGA-DD-AACH-01A-11D-A40R-10	3.1289679871573	0	23.1070707595083	0	0	4.57122899215612	0	0	0	0	0	4.87035016229742	0	0	6.76554070108844	29.4617702962873	0	0	0	0	0	2.9162972119126	0	7.55159178655536	0	2.51302704578824	2.04806055134498	0	3.20103808693882	6.69484301889875
TCGA-DD-AACI-01A-11D-A40R-10	0	0	24.9493058977117	0	0	34.7416284726065	2.79852615691588	0	0	0.287286615889332	0	49.4611243008458	4.31686501991869	0	9.18707990256716	78.9215778106005	4.5459398426277	0	0	2.5552994036038	15.0553076894382	132.734126928013	0	21.0755497587498	0	0	0	0	0	0
TCGA-DD-AACJ-01A-11D-A40R-10	8.4387094899363	1.73330631363563	7.36897989445143	0	0	4.59871138196363	0.294542594963432	3.1528605427129	0	4.47814472835517	0	0	4.16322296117579	0	3.59860785613078	41.887954663014	0	0	0	0	0	0	0	2.90793818576771	0	19.769174555917	0	0	0	0
TCGA-DD-AACK-01A-11D-A40R-10	1.8256334416408	0	20.6227476473867	0	0	0	5.63573148855039	0	0	1.33563288104984	0	9.36332581055592	0	0	4.83134200426791	0	0	0	0	0	0	69.8039608277369	0	23.2729097059085	0	0	0	0	6.04566877691805	0
TCGA-DD-AACL-01A-11D-A40R-10	5.81174876144654	0	1.42193313686618	0	0	0	1.13917075406909	0	0	0.244623755789624	0	0	0.106517705872202	0	6.28825978971779	10.3145634889839	5.51339077254763	0	0	0	0	249.483969478148	0	24.4842730225448	0	0	0	3.94138305912811	0	0
TCGA-DD-AACN-01A-11D-A40R-10	5.53124252232829	0	0	3.90612512020467	0	8.23032610910614	0	0.0880921199043937	0	2.06578213046056	3.85875182308797	0	1.96587313238381	0	8.03858823255525	2.07560683450764	0	0	0	0	0	6.4177836017733	1.22101357848384	0	0	4.0527953082749	0	0	0	0
TCGA-DD-AACP-01A-11D-A40R-10	31.4018374211919	0	0	0	0	0	0	0	0	3.88273949099403	0	0	1.66394950644265	0	22.9626893012541	132.248354972692	0	0	0	0	0	6.30418000372546	0	2.41872557187358	0	0	0	0	0	0
TCGA-DD-AACQ-01A-11D-A40R-10	5.25753447938436	0	15.7480921678603	0	0	1.06763706248673	3.56850964046988	0	0	0.501510291254341	0	4.49159436023272	4.72753360615274	0	0	0	6.06403058302728	0	0	3.66221927924786	2.61586508121065	143.140414485323	4.44706034635945	19.9448884596798	0	0	0	1.28585032295702	0	0
TCGA-DD-AACS-01A-11D-A40R-10	8.70880183437996	0	18.2398238229771	0	0	9.20725369370293	1.02047999296271	2.00483795072898	0	0	0.185336210135697	0	2.77584625345065	0	2.50568394890727	0	1.17308967461542	0	0	0	0.147111312052389	0	0	0	0.232821127884303	0	0.992378476605929	0	0	0
TCGA-DD-AACT-01A-11D-A40R-10	0	0	6.80519960988175	0	0	36.2172527241879	0	0.718037115634149	0	4.7448900273224	0	31.3929040746541	1.7625038622992	0	0	0.87597338331615	0.21552903776351	9.93897890432314	0	4.66462835163002	0	100.239651730057	0	0	0	0	0	3.32653867822379	0	0
TCGA-DD-AACU-01A-11D-A40R-10	6.32290561530423	2.93208097172359	28.904195364126	7.31071322475934	0	6.14100623244854	0.416237421736548	14.5549513212939	0	0	3.18167018245994	0	5.80022693246022	2.55292935610991	5.10924814824218	3.22893393494449	2.10154202857192	0.0670007059470039	0	0	0	17.8647867484995	0	5.9953588061093	0	9.51000941619669	0	0	6.10933611445191	2.45748417916229
TCGA-DD-AACV-01A-11D-A40R-10	0	0.406143271963158	0	2.42348681431309	0	29.2212304559971	0	0	0	0	0	15.8459572358062	0	0	0	62.3801193489432	0	1.87425888656309	0	0	0	0	2.51041188653054	5.14256107163316	0	0	0	0	0	0
TCGA-DD-AACW-01A-11D-A40R-10	2.63617864665339	0	0	6.45738198493153	0	16.2999295397254	0.559557065175557	0	0	0.0531648389914972	0	0	0	0	0	0	1.94875635941483	0	0	0	7.27079159091107	1.19142453066634	0	4.78828695283302	0	0	0	4.27828518147573	0	0
TCGA-DD-AACX-01A-11D-A40R-10	9.40440119284673	0	2.1484882338093	16.8335578512821	28.1374868116728	0.107789020833529	0	0	0	0	0	6.39601283783675	0	0	6.83745858464959	12.8028084953064	2.37137168452544	0	0	8.57770704365474	0	6.64532715753732	0	9.34200061651862	0	0	0	0	0	0.289011455986079
TCGA-DD-AACY-01A-11D-A40R-10	0.482506281941407	2.05174836186589	0	0	0	7.89588532215499	1.24428671791045	17.7501259540526	0.76813628031469	0	0	0	0	0	0	35.8678370171913	4.29675759488845	0	0	1.68387419703486	0	0.552222173265797	0	0	0	0.133327140403785	0	2.29932373355279	0	0
TCGA-DD-AACZ-01A-11D-A40R-10	2.17025621098887	0	0	0	0	40.7554045604033	1.8976688225109	0	0	2.65402930396002	0	3.94610920051958	6.67826402009877	0	12.8265665673927	17.9023340849044	6.29893753038062	0	0	0	0	63.6459475459255	0	19.9510146347632	0	0	0	0	0	0
TCGA-DD-AAD0-01A-11D-A40R-10	10.222559854384	0	22.7540425098679	18.1551049980629	11.7970150399031	0	0.236591316352087	0	0	0.69758659897985	0.724728279004316	0	2.4228848493105	0	23.1594865107524	0	0	0	0	0	0	0.571717875663888	1.53061228665272	17.2766297268829	0	0	0	0	0	0
TCGA-DD-AAD2-01A-11D-A40R-10	6.06882590622113	0	0	0	17.6924918107216	0	0	0	3.25819745866141	3.32257210383519	4.73233320874249	0	4.40270466599947	0	7.88938380709439	0	3.25698968450172	3.68601793766779	0	10.7608826061258	0	3.76837424572235	0	12.4777742406611	0	0	0	0	0	0
TCGA-DD-AAD3-01A-11D-A40R-10	4.96434528016876	0	3.69199766249576	0.419987307146973	0	4.43511600781461	2.43823839029203	0	0	0	0	7.70116069174724	0	0	0	34.4024769312715	0.769788294480869	3.47944021281491	0	0	0	0	0	8.92544438803461	0	0	0	0	0	0
TCGA-DD-AAD5-01A-11D-A40R-10	14.4253379051405	10.3548101041275	1.34815552561092	0	0	0	3.76449970884127	0	0	0	0	0	0.377638705425996	0	0	36.6253552610538	0	0	0	0	0	9.03716726073096	0	26.0014795702321	0	7.04328829381929	0	0	0	0
TCGA-DD-AAD6-01A-11D-A40R-10	13.7985251269226	0	0	0	0	0	0	0	0	1.40174843283065	0	0	0.755466257458652	0	0	71.5802034353729	5.8025734683947	0	0	0	0	3.95323890940276	2.18227762885645	14.2268219808957	0	0	0	0	0	0
TCGA-DD-AAD8-01A-11D-A40R-10	13.751195523198	0	0	5.9411679046517	17.1406931280838	0	9.10564939628624	0	0	0	6.89732655463464	0	0	0	0	12.4386022264969	1.13864925063393	9.78928675244809	0	0	4.35503248160409	29.5910055453188	0	0	0	0	0	2.72317657475315	0	0
TCGA-DD-AADA-01A-11D-A40R-10	26.8923990014773	1.76638930651098	25.4066447647424	15.9885987739092	0	10.7991730350105	0	0	0	3.40636974831127	0	8.56020086752579	1.76320467292873	0	9.41001006804379	7.10624819314173	0	0	0	0	0	19.5561028821145	0	0.181748192066451	0	0	0	0	0	0
TCGA-DD-AADB-01A-11D-A40R-10	0	0	0.71874109901457	30.7818396167148	4.05551419338085	0	6.22100826052386	0	0	1.38745102658506	6.79563193962864	33.2583811605553	3.91843992738116	0	1.53476873698714	0	0	1.33782107907508	0	15.8045516722793	0	4.55194062450937	0	9.54112466098449	0	7.04140428944315	0	0.727045435587171	0	0
TCGA-DD-AADC-01A-11D-A40R-10	12.824592029681	0	14.6974943417312	0	0	0	0	0	0	0	0	0	2.68488929952462	0	2.851091586137	33.5639997010064	0	0	0.999560760653237	0	0	0	0	9.18046420735789	0	0	0	0	12.2588986520574	0
TCGA-DD-AADD-01A-11D-A40R-10	2.76016163302791	0	0	0	0	0	7.37752172158965	0	2.04180581661237	3.03107555223788	4.28885548917424	0	0	0	1.9682993354123	55.4912528388374	0	0	0	0	0	8.19613594144684	1.03436624305178	4.29479057561366	0	0	0	5.28611002371949	0	0
TCGA-DD-AADF-01A-11D-A40R-10	1.85567440619623	0	17.8918775109135	41.011553541052	0	29.6785242158005	0.861081714256129	0	0	0.787907084518762	0	0	0	0	0	0	4.90548645896458	7.64899721010752	0	0	13.2653190913842	116.995412584094	0	4.92103453949472	0	0	0	1.33790926586869	0	0
TCGA-DD-AADG-01A-11D-A40R-10	10.9017554407506	0	1.54367262724277	0	0	0	3.74167036339228	0	0	0	3.50933075296173	0	3.39457668514202	0	0	90.107600744542	4.50059044781266	0	0	0	0	2.13872589211698	0	30.8016543148262	21.2563521197245	0	0	0	0	0
TCGA-DD-AADI-01A-11D-A40R-10	0	0	0	2.65467223378455	0	21.011936829572	6.64376592283565	0	0	0.594684273147558	0	20.7394062010402	5.85917824005012	0	2.33884140921954	0	0.537864862634089	0	0	0	0	17.9050623643798	16.1720237645043	0	0	0	0	0	17.0832749676919	0
TCGA-DD-AADJ-01A-11D-A40R-10	3.74601246702177	0	0	0	0	16.4430150373282	2.73641968030729	0	0	1.62819456654003	0	0	0.119928629570947	0	0	11.1316029338345	0	0	0	1.91489284224932	0	1.4333186426936	0.876170895629507	19.2445586197568	0	0	0	0	0	5.95712124600537
TCGA-DD-AADK-01A-11D-A40R-10	8.25750870873751	2.97710509832702	0	13.2520267152096	0	0	0	0	0	3.03304241012086	0	16.0577341431489	4.32497971487911	0	3.04810756233628	0	3.52743401102	0	0.39830219711857	0	2.43553731853144	2.6764420432197	0	0	0.750514583533874	0	0	1.45811101057836	0	4.59073179739986
TCGA-DD-AADL-01A-11D-A40R-10	0	0	0	38.7660414807561	0	8.90622438313646	0	0	0	0	0	0	0	0	2.14752307931275	74.7772266180507	0	0	0	0	0	0	7.02124494907691	8.32060340380374	0	0	0	0.973306429779717	0	0
TCGA-DD-AADM-01A-11D-A40R-10	7.92263931010853	0	0	0	0	0	2.38150042335643	0	0	1.31937693563234	0	0	7.56131658835023	0	5.5741546581391	163.87566732575	0	0	0	0	0	8.63500110726337	0	0	0	0	2.29545667062957	0	0	0
TCGA-DD-AADN-01A-11D-A40R-10	22.0746095287777	0	1.68829257743404	17.8178134305121	0	0	0	0	0	0	1.63241132513637	0	2.04481429792381	1.71989627787447	0	36.2680491710489	0	0	0	1.53644641389117	10.6813470950991	0	3.81640262603975	7.24877160592335	0	0	0	2.65239423006354	0	0
TCGA-DD-AADO-01A-11D-A40R-10	28.9318856033038	0	75.5891443725392	0	0	0	14.3338285181847	23.0019681954448	0	0	3.62422867295385	15.2898640234617	0	0	5.83306912298893	7.79241297677814	2.49911831378512	0	0	0	15.2322603511594	17.0902407198306	0	8.39306121072215	0	0	0	1.14431175428434	0	0
TCGA-DD-AADP-01A-11D-A38X-10	14.49525983097	4.57631283592755	18.0335151151436	2.22911121678239	0	4.9799350478818	0	0	12.8156079126881	0	0.0100033728171766	0	0	0	0	11.2911970422111	3.6565965838454	0	0	10.0973570825628	8.24456551227069	4.47721308059407	0.510718436587354	9.44048949762556	0	0	0.118459876323468	3.57407796794267	0	0
TCGA-DD-AADQ-01A-11D-A40R-10	15.2106805839797	0	0	18.4936002285324	0	0	1.15722032205041	0	0	0	16.3475680886325	0	0	0	0	40.926000100396	4.57576630895098	0	0	0	0	15.219741033246	0	2.94044980282782	0	16.2254842600078	0	2.54108573449227	0	0
TCGA-DD-AADR-01A-11D-A40R-10	7.95415892331746	0	0	0	9.46985549437958	4.87733323537378	3.91858954423377	0	0	4.54035534115541	0	0	2.84821816137769	0	3.68571015693565	23.3245022634552	0	0	0	0	0	0.972502434671531	0	23.2044591328431	0	0	0	3.83242745764545	0	14.5823653997896
TCGA-DD-AADS-01A-11D-A40R-10	6.66798742685151	0	15.7140378709986	0	0	0	0.0394617480312474	4.15231102092213	3.62313390213171	0.184594349276811	4.1245793782782	0	0	0	0	47.6545736708187	0	0	0	0	0	31.0086727838617	0	15.5602402330767	0	0	7.91729370788285	5.82085982737976	0	0
TCGA-DD-AADU-01A-11D-A40R-10	4.879103657232	0	11.2620977841524	0	0	0	4.25804075813141	0	10.9701029971637	2.7735176031599	0	5.88591709918337	0	0	0	12.2834141527489	0.985706093065164	0	0	0	6.23567032371935	12.1083924307023	0	26.2936245010651	0	0	4.61495606980251	0	0	0
TCGA-DD-AADV-01A-11D-A38X-10	6.83325183557842	0	2.47090857188315	0	0	0	0	0	0	3.03497474322844	9.76186079141803	0	3.32669242654119	0	0	80.1260831428866	1.15738896152276	0	0	0	0	2.78396984407157	0	3.16900118312586	0	0	0	0	0	0
TCGA-DD-AADY-01A-11D-A40R-10	0.96640394672929	0	11.9699229562296	8.85361588108891	0	10.3028962852168	4.07458532916097	3.68056894522018	0	0	0	0	1.77408394789662	0	0	4.36458089920421	0	0	0	0	0	0	4.1631746811702	3.29609171953225	0	0	0	0	0	0
TCGA-DD-AAE0-01A-11D-A40R-10	8.90436026502429	0	0	0	0	0	9.9673935181342	0	0	2.74770614857458	0	0	0.922827907895168	0	32.9551792855548	0	0	0	0	0	6.73315825760833	3.66248530737689	0	0	0	0	0	0	0	0
TCGA-DD-AAE1-01A-11D-A40R-10	12.2121883576553	0	0.484561935529066	4.66379599716717	0	0.453157854466769	3.94479473138448	0	0	3.76719515987149	0	0	1.04978044863398	0	0	11.5171802326764	0	0	0	5.48608497855687	3.81228495222579	0	0	0	0	0	0	0	0	2.70839967578932
TCGA-DD-AAE2-01A-11D-A40R-10	8.69217830114138	4.8980869817495	16.0422225171559	0	0	10.3235891513757	3.94782395290993	0	0	2.12655482878347	0	0.15461033576655	0	0	3.01498661215437	17.111957943808	4.57454238208919	0	0	0	0	12.1156385099978	0	14.5572460130266	0	0	0	0	0	0
TCGA-DD-AAE3-01A-11D-A40R-10	5.8563514506632	0	0	0	0	0	0	0	0	0	0	0	0	0	0	213.349249822904	0	0	0	0	0	0	0	0	0	0	0	0	0	0
TCGA-DD-AAE4-01A-11D-A40R-10	7.4392998149318	0	14.7213400030347	3.65977824182375	0	0	4.39493990550786	0	2.96118648384057	0	3.9624887271971	0	0	4.43233275579185	0	0	1.15769703809182	4.82393298190528	0	0	0	1.03525666128055	0	11.6513185384639	0	0	0.89140959392318	0.28154890960804	0	0
TCGA-DD-AAE7-01A-11D-A40R-10	0	0	0	0	67.4818861505407	0	0	0	0	10.1519395872379	0	0	5.97085379379742	0	8.30579514178188	63.0063883770507	22.2817805785276	0	0	0	11.5091266580153	26.6694366668336	0	33.104938659778	0	0	0	16.1091043278822	0	0
TCGA-DD-AAE9-01A-11D-A40R-10	0.419205478431528	0	23.4693304560052	0	21.6396136848196	0	6.95820440883196	1.15511707077194	0	0	0	14.3322725016885	0	0	0	5.61958240505676	0	0	0	13.7208531782311	0	11.9795937377263	0	7.90181744557736	0	0	0	1.19449309997319	0	0
TCGA-DD-AAEA-01A-11D-A40R-10	7.26185459085823	0	0	0	0	0	0	0	0	1.35787984726048	0	0	1.82553392833057	0	4.14106599373227	166.638251762996	0	0	0	0	0	0	0	2.62262156824829	0	10.7026585771588	0	0	0	0
TCGA-DD-AAEB-01A-11D-A40R-10	0	0	0	7.10243378902217	0	0	0	0	0	5.07767927425813	0.930180025972023	0	2.05656790290947	0	7.40800711990307	103.742467042577	0	11.923516599287	0	0	0	0	3.02903396767925	0	0	1.36866366229311	0	0	0	0
TCGA-DD-AAED-01A-12D-A40R-10	0	1.89797769113101	0	0	0	0	0	10.0340803455011	0	0	0	0	0.766581954885766	0.173587228803038	11.108330795744	15.5440406212017	4.79522569077005	0	0	11.1923494147943	0	2.82223478131027	0	0	0	0	0	0.653329503359678	7.07013403799805	4.57410119514438
TCGA-DD-AAEE-01A-11D-A40R-10	11.4200258091598	0	0	0	0	4.3278966645281	0	0	0	0.135372869100775	0.942734182803283	0	0.189872900298617	0	0	54.1506568856007	0	0	0	3.43555584984557	0	4.33995706711187	0	11.166127043667	0	0	0	0	0	0
TCGA-DD-AAEH-01A-11D-A40R-10	0	3.09458638240972	5.64416045316947	42.8521343494851	0	0	1.89373926209056	0	0	0	0	0	0	0	13.96513308208	3.66530789955859	0.303040874303526	0	0	0.602182679741582	0	2.01217554725951	0	1.70863680374498	0	6.16737738528092	0	0	0	2.89160398296521
TCGA-DD-AAEI-01A-11D-A40R-10	7.24234436217693	0	0	25.9395134004704	0	6.38433825616302	8.89704375529701	0	0	2.68854961167155	0	0	1.04889535466787	0	0	24.0435234225518	0	0	0	2.20526724253074	0	19.7117970255794	1.59170306953545	5.54243110263206	0	0	0	7.52090746446959	0	0
TCGA-DD-AAEK-01A-11D-A40R-10	6.37007060364965	0	0	0	0	0	0	0	0	0	0	0	0	0	0	49.2815307601798	8.11574983579824	0	0	4.9473852845589	0	0	0	0.541521840687082	0	0	0	0	7.08809668512514	0
TCGA-DD-AAVP-01A-11D-A40R-10	0	0	6.54233922913645	13.8665713169048	0	0	2.68850082921679	6.72196870051718	3.68582449265952	3.1900648956698	2.65089570902593	6.69576491710838	3.87484677428014	0	6.77314073890591	0	2.9286673654374	0	0	7.56785933330136	0.443662418689782	5.27026487540882	0	2.04208949855397	0	1.86220735452294	2.7436549446433	0.582210453342184	0	0
TCGA-DD-AAVQ-01A-11D-A40R-10	0.153242260214726	0	0	0	4.3914539182299	9.07122388087591	2.13682616770303	0	0	0	0	0	0	0	0	2.69256108833478	4.59322473782593	1.1714864026393	0	0	3.83503695157424	0.0151605246295303	0	11.3454048233789	0	5.44219286715563	0	0	14.0742825033861	0
TCGA-DD-AAVR-01A-11D-A40R-10	7.60882810132224	0	0	12.7361301833833	0	0	1.37454426755787	0	0	0.548549183656522	0	6.87010724349098	0	0	12.2815522282549	0	0.764292777254724	0	8.44401571812647	0	0	10.6885002492269	0	3.96593699899631	0	0	0	0	0	0
TCGA-DD-AAVS-01A-11D-A40R-10	8.99406365964548	0	0	0	0	0	2.08358376066859	0	0	0.70985363758998	0.619856897832001	0	3.56014870047701	0	0	40.7218211447113	0	0	0	0	0	0.0597666512517823	0	8.0776874559486	0	0	0.773538134811476	0	0	0
TCGA-DD-AAVU-01A-11D-A40R-10	8.05336020530828	0.0165642714165308	0	0	0	0	0.611009173963567	0	0	2.00320386014199	0	2.14307791059004	0.604546548845117	0	5.06502116145911	10.1921021373813	7.40139633500169	0	0	0	0	7.07603245386157	0	0.651674712826516	1.56191109367794	0	1.30752739214928	0	0	9.79702813774479
TCGA-DD-AAVV-01A-11D-A40R-10	4.83315563512469	0	3.97115301037876	22.6424443106004	38.658220129802	7.35110429540624	0	0	5.94370066297763	0	0	0	0	0	0	21.0328232499445	2.42516250524214	0	4.53435463043271	3.81838343834716	7.74747633958892	0	0	7.33856308198138	15.2312868736197	0	0	0	0	0
TCGA-DD-AAVW-01A-11D-A40R-10	8.83071606258855	0.0474154533109269	0	0	0	6.92450907448525	0.357583336424093	0	0	0	0	0	1.67487226276485	0	10.2096162423831	1.69999347859081	3.11334284178352	0	0	0	0	0	0	0	0	1.57276554722963	0	0	5.20385052401419	0
TCGA-DD-AAVX-01A-11D-A40R-10	3.37556143368397	0	0	16.1735280946798	0.0903652868017336	7.12656775872208	6.22213939467864	0	0	0.788344390464741	0	0.803498968645418	3.15429409660601	0	0	20.5427839659779	2.31444817698933	0	0	0	4.4827081252405	0.596851851494715	8.10914110518115	0	0	2.65568670268624	0	0	0	0
TCGA-DD-AAVY-01A-11D-A40R-10	1.59204096177046	0	0	12.0880638258198	0.99580061061739	0	9.32131534723653	0	0	2.3802725425438	0	23.4477746944952	0	0	10.6808906303765	20.3799859633085	4.47636125960766	0	0	0	0	2.97974108922715	0	5.6754052584781	0	0	0	0	0	0.532799066943709
TCGA-DD-AAVZ-01A-11D-A40R-10	8.09243720194798	0.06453698026887	0	0	21.946287635556	3.23269213477747	0	0	0	3.89733059568111	0	0	0	0	2.82922438272706	0	0	0	0	0	0	0	0	1.44766973237602	0	1.89299504263181	0	0	0	0
TCGA-DD-AAW0-01A-11D-A40R-10	8.42576741479889	0	0	2.60643507360902	0	9.08013889215705	3.88058936096445	0	0	0	3.59374582835815	0	0	0	11.5901020017597	26.2220756626945	2.29885889521955	0	0	0	0	8.75115426575313	0	8.76006801659431	0	8.36150148871439	0	0	0	0
TCGA-DD-AAW1-01A-11D-A40P-10	0.415085566284032	1.50902783444225	1.07272313482509	0	0	0	0	0	0	1.49681003507897	1.19754350732399	0	0.58431405110566	7.45502285420469	2.52955401763866	15.840248019074	0	5.65983665693465	0	0	11.8179785032713	44.119313616317	4.90951694288561	0	0	0	0	5.89099980726193	5.85464589134079	0
TCGA-DD-AAW2-01A-11D-A40P-10	16.5606921136728	0	0	0	0	0	1.58410285558974	0	0	0	2.19594141436014	0	0	0	0	59.8380081170211	10.9139028816588	0	0	0	0.805946619896869	22.7061702465861	0	21.7398678381152	0	3.76571530857123	0	0	0	0
TCGA-DD-AAW3-01A-11D-A40P-10	0	0.487868391426626	0.211529346031241	0	0	9.08037235338434	0	0	0	12.6206936312532	3.34366265891716	0	0	0	0	20.0056644488474	0.639865556612561	0	4.23420194534282	7.68457674674851	5.55278786344698	5.55200675524185	3.83679229941347	16.6994593594856	0	0	0	0.341173724535777	0	4.46513970847582
TCGA-ED-A4XI-01A-11D-A25V-10	0	0	0	0	0	17.5626984854279	0	0	0.74602363963063	0	0	0	1.98305924392416	0	0	101.286421284228	2.05642557650331	0	1.58632757033916	10.6175559320886	0	10.6249148044379	6.45968594617553	0	0	0	0	0	8.00891758984369	0
TCGA-ED-A5KG-01A-11D-A27I-10	0.988017951445483	0.787599458637364	2.173224824539	0	0	0	0	0	0	0.339494419137014	0	0	0	0	2.64608844084907	3.52525360589404	0	0	0	0	0	2.42329169820102	1.31145609384882	3.47488848890654	0	0	0	0	0	1.52813818460696
TCGA-ED-A627-01A-12D-A30V-10	0	0	0	0	0	0	0	0	0	0	0	0	0	0	1.39002385688866	0	0	0	0	0	0	0	0.903930070622313	0	0	0	0	0	0	0
TCGA-ED-A66X-01A-11D-A30V-10	33.8033346140461	0	0	0	0	2.57727190040383	0.112001700109539	0	0	3.89223180508384	2.68574340927026	0	0	0	0	0	1.1435512096238	0	0	0	3.04997675473751	0.0755078066839335	0	0	0	0	0	0	0	0
TCGA-ED-A66Y-01A-11D-A30V-10	0	0	0	12.3553662014573	0	0	0	0	0	3.63163053378687	0	4.75049599543327	0	0	35.6593896080807	26.2666049001432	0	0	0	0	0	1.24578430970671	6.08549846556406	0	0	0	0	0.319295625829521	0	0
TCGA-ED-A7PZ-01A-11D-A33Q-10	4.21195105247114	0	0	0	0	10.9125389266241	6.5285050647053	0	0	0	16.2757806329063	0	2.98467628185594	0	0	0	5.85259968512859	0	0	16.3514999274152	8.89088340388026	125.518866370082	0	27.8292685302267	0	0	0	10.4821907459367	43.3434116421515	0
TCGA-ED-A7XO-01A-11D-A34Z-10	0.555372161495445	0	15.7270552326813	0	0	6.05291735097899	0	0	0	3.01535292743001	0	2.46894703880005	0	0	1.28063521411285	2.949646334372	0	0	0	4.76769438520612	4.76056634587663	0	0	0	0	0	3.58330660590468	0.73217556076462	13.5041021092312	0
TCGA-ED-A7XP-01A-11D-A34Z-10	2.22574261076314	0	7.2362611008306	0	0	5.57490315432493	1.78750547044232	0	0	1.92090677036099	0	0	3.61674531214958	0	12.7873637767543	0.446007521710424	0.683613300097313	0	0	0	0	0	0	21.7700168078803	0	0	0	3.26990021947338	0	0.981967300569729
TCGA-ED-A82E-01A-11D-A34Z-10	10.0497581478864	1.37495665295303	0	0	0	0.0358929406833833	0.779507408971164	0	0	0.333981271223486	0	0	0	0	5.06490898424955	0	0	2.47048345564502	0	0	0	0	3.38931889799922	0	0	0	0	0	9.22089773931601	0
TCGA-ED-A8O5-01A-11D-A35Z-10	6.16216805440356	2.04907393404275	0	2.71696530567929	0	6.24092505250888	0	0	0	0	0	0	1.6016509246646	0	3.45168387282953	13.3496908978105	0	0	0	12.7844029079397	15.0222564056796	28.1757607011767	18.2658319244335	8.09527020297893	0	0	0	3.72553255331211	6.58874213392074	0
TCGA-ED-A97K-01A-21D-A382-10	25.1455316823549	0	0	0	0	0	0	0	0	2.43905819106681	2.51171633801142	0	0	0	15.7365353642543	3.08219248898786	0	4.05267123173542	0	0	0	5.33734559600039	0	0	0	0	0	0	0	0
TCGA-EP-A2KB-01A-11D-A183-10	0.272063411956127	0	13.5641865415713	11.8299066972273	0	20.0851000223346	0	0	0	0	0	4.09605579829759	2.76642078748301	3.24172912769601	0	25.4413430845133	0	0	0	0	1.49650984680034	0	0	5.12934543920986	0	0	1.131961670324	0	0	0
TCGA-EP-A3JL-01A-11D-A20W-10	4.31792256511135	0	18.5700618792511	23.3689100388882	0	3.19926966773485	0	0.265122976463036	0	0	1.06761368084135	16.414005543162	4.08312258620372	0	0	4.51200726223063	0	0	8.60614298140391	0.862643795171085	0	0	0	0	0	0	0	0	0	3.91460302634546
TCGA-EP-A3RK-01A-11D-A22F-10	0	0	2.29983114372302	5.94300481007712	0	13.1985585045792	2.64470539183453	0	0	0	2.64501660568507	5.52682946277572	0.345258038745206	0	9.74457919411049	14.0258639877688	0.251420468703907	0	0	0	0	0	0	0.358158764914559	0	0	0	0	0	0
TCGA-ES-A2HS-01A-11D-A183-10	3.26578390691774	0	3.11755421351674	15.8227022689739	0	10.5923498880934	4.26733030186675	0	0	3.33866004051117	0	0.884131165407139	3.32391344942094	0	9.94758475473163	0	0	0	0	0	0.474040282968285	5.04936796086548	0	2.12724848997235	0	0	0	0	0	0
TCGA-ES-A2HT-01A-12D-A183-10	0	0	0	3.44399889675926	10.4038995793343	0	0	15.1556700602822	0	0	0	0	2.28111396976408	4.02017710751384	0	8.00223871725912	0	0	0	2.90688771799094	0	0	5.52922093792162	0	0	11.6438768183099	0	9.48462317828959	10.0135292996913	0
TCGA-FV-A3R3-01A-11D-A22F-10	0	0.240884150268559	0	0	4.65757570379719	16.0029265046917	2.1285572840513	0	0	0	0	0	0	0	0	0	2.40071406191306	5.28436941780004	0	0	0	0.543189359534548	0	0.138085217181176	12.7953559124238	10.5778865805235	0	0	0	5.50944712321965
TCGA-FV-A495-01A-11D-A25V-10	12.7525993731858	0	31.8025445028104	15.8632876246243	0	0.942747812971047	0	0	0	3.09137661430144	5.28275129397369	0	5.96549816650775	0	0	0	2.46737381014448	0	0	5.64520124079247	8.76060443809203	3.44375966299258	4.78116891971433	0	0	0	0	0	0	3.30106473308445
TCGA-FV-A496-01A-11D-A25V-10	12.9834298603793	0.529370162737163	10.8234584582471	9.04468976114781	0	4.40590668803416	25.3294131267991	8.77769460469543	0	2.14693842408509	2.36425910813554	0	3.82111991463663	0	11.5639673162872	0	7.23604570143512	0	0	0	0	5.7056864991365	0	2.50162028175889	0	5.93911424562515	0	2.98611085814831	14.0631147220896	0
TCGA-FV-A4ZP-01A-12D-A25V-10	8.32474086253915	0	21.1456336825533	12.3903317562814	0	3.9697355498459	8.39968957915947	0	0	1.13458611712875	11.3122175890533	14.1282717738374	2.14845922776291	0	7.14815312838386	0	0	7.37962543934785	0	0	0	0	0	0	1.9013046007317	0	0	0	0	0
TCGA-G3-A25S-01A-11D-A16V-10	4.24351593411107	0	16.6947746606736	0	0	0	9.15628112478791	0	0	3.98522066458948	4.62293742878011	30.1622023360867	1.60612098829994	0	0	0	4.27140019177659	0	0	29.4402987834768	0	9.31650347504222	0	22.1048459518405	0	0	0	0	0	0
TCGA-G3-A25T-01A-11D-A16V-10	11.3537446191587	0	0	6.22436097540541	0	0	1.89501238717906	5.84853055264701	0	0	0	17.9161598730708	0.784026297262685	0	13.0738595367539	0	3.22882822921635	2.41539528124	0	0	0	0	0	0	0	0	0.366643275031059	0	0	0
TCGA-G3-A25U-01A-11D-A16V-10	0.878835725036123	0	0	61.8632961002264	0	9.32815357384595	7.56961883168321	0	0	0	0	5.19083402556776	0	0	0	0	0.289615836134284	0	0	11.7170893474886	0	0	0	10.8404966351702	0	0	0	1.53443599274101	0	0
TCGA-G3-A25V-01A-11D-A16V-10	2.41163951589042	0	0	0	0	0	3.75163276776608	0	0	1.85517802366577	0	9.36537888196283	0	0	2.83151704188576	31.515332853977	0	0	0	0	0	0	0	26.0710223170555	0	4.01422449023705	0	0	0	0
TCGA-G3-A25Y-01A-11D-A16V-10	9.19276862557354	0	0	25.7094115743477	0	0	3.21736526541673	0	0	0.223946323532843	0	0	3.34170664634313	0	0	5.87360278638224	0	0	0	25.2783974066081	0	0	0	17.7026438415872	0	0	0	6.29990037141527	0	0
TCGA-G3-A25Z-01A-11D-A16V-10	16.2543992397717	0	0	35.6876121062578	0	0	0	0	0	0	0	0	0	0	4.39607683929331	7.50917668584907	2.60121066609969	0	0	4.72413014255373	9.13495597315955	0	0.777791318018694	10.8497662892254	0	0	0.466681211284432	0	0	0
TCGA-G3-A3CG-01A-11D-A20W-10	15.6160040564178	0	20.7830485294933	0	0	0.89089319497299	0	0	0	0	3.8669477854432	0	0.208978853662065	0	1.09433611338212	35.4085986852705	0	0	0	0	0	11.9273708260914	0	8.37356953383426	0	0	0	5.59932221479122	0	0
TCGA-G3-A3CH-01A-11D-A22F-10	9.33069540737384	0	0	0	0	0	0	0	0	1.54401434806635	0	0	0	1.22246709200544	7.94679359238766	0	0	0	0	0	0	0.0635049287621768	0	0	17.6096881032215	0	0	3.82583239438845	0	3.13345493789605
TCGA-G3-A3CI-01A-11D-A20W-10	0	2.85827723352646	0	2.38347054731087	0	0	0	0	0	0	0	2.59620998084909	0	0.746116743375922	0	0.0899071083596035	2.94769782271867	0	0	1.0091455229968	6.67513004727452	1.88222999311292	0	0	0	0	0	0	0	0
TCGA-G3-A3CK-01A-11D-A20W-10	0	0	0.709911040422645	0	0	15.3370298390582	1.97906537726248	0	9.38571345850396	4.63042974900163	0.188703494972854	27.9005298875146	4.33583904508947	0	4.92720788812905	0	5.86989693874796	0	0	4.33212701672886	1.78197477948662	9.89062551218197	0	22.0227722530909	0	23.1620646209163	0	53.3244720880854	0	9.6492989886226
TCGA-G3-A5SI-01A-31D-A27I-10	6.96409736662338	0	9.81108472663337	0	0	0	1.26172069951996	0	0	1.22001096995777	0	0	0.300766473957836	0	4.70561722521841	0	0	0	0	0	1.70579017763306	1.79052725807858	0	6.56521264825087	0	0	0	1.06858085501429	0	0
TCGA-G3-A5SJ-01A-11D-A27I-10	6.77690286671034	0	0	0	19.9889459070011	3.60644551251622	0	0	0	0	0	0	0.0850981999156425	0	0.149220164605945	37.8406478198742	3.35358886349733	5.37136428670843	0	0	6.32529074225155	1.01299384877514	0	6.84984551768216	0	0	0	0	0	6.0193556647079
TCGA-G3-A5SK-01A-11D-A27I-10	0	0	21.8969106224553	19.0797853295814	0	6.71341540973877	6.25853075276144	0	0	0	0	0	3.53724142258426	0	1.62607741488619	1.50623328726987	2.87800598328408	0	0	16.0003893981851	6.07616920209051	3.31042107943326	0	0	0	5.55684623771896	0	3.34732245232798	0	0
TCGA-G3-A5SL-01A-11D-A27I-10	1.74504032811646	5.19301853837929	28.4219022460208	11.4848767076059	0	22.6386876656644	0.669122982914854	0	0	0	0	0	0	0	5.78256081058809	35.2818836597976	2.61469996601332	0	0	6.57208574610139	2.90934178958972	2.2921586956112	0	0	0	0	0	1.87464852761149	0	0.614827875746009
TCGA-G3-A5SM-01A-12D-A28X-10	3.61934186661479	3.20132696316203	8.27720457933752	21.9599347972128	0	12.5589436089215	0	0	0	0	0	13.8625946749347	0	0	25.7305824232977	0	4.73900065758255	4.14346691308754	10.4353572875268	0	0	3.49049985045823	0	0	0	0	0	0	0	5.00766863736472
TCGA-G3-A6UC-01A-21D-A33K-10	7.1175146280749	3.26425131661368	30.4667746288848	11.1145825663424	0	0	0	0	0	0	0	13.2547981405633	0	0	5.7303102626311	0.239468975411314	3.28124049112212	9.91128056195988	0	7.68769778520736	0	6.73137077738885	0.186961109487926	4.60553208189197	0	0	0	3.61076299489214	0	8.23841116494249
TCGA-G3-A7M5-01A-11D-A33Q-10	9.14725126935035	0	0	0	38.6596730091104	0	0	0	9.47906861601929	0	0	0	3.50349007765465	0	0	2.1645538386628	0	0	0	0	0	73.6768641160024	0.667116827292167	21.333272862	0	0	0	0	10.5195099445138	0.202169960977628
TCGA-G3-A7M6-01A-11D-A33Q-10	0.037383846527983	0	43.607775180863	0	0	0	0	0	0	4.17968997373502	4.21908676535099	3.56479364807292	1.01146768771745	0	14.8539455604387	11.0117138684992	2.64423013640999	0	2.50372628073261	0	0	0	0	0	0	0	0	0	0	0
TCGA-G3-A7M7-01A-12D-A34Z-10	8.62272871083849	0.90573777271479	0	2.34739326390188	0	0	0	0	0	0	0	17.5450107560842	0	0	0	0	0	0	0	3.84503445452394	0	3.91620756453253	0	19.3517377561805	0	0	0	0.204337257766101	9.52328565588482	8.18040031501257
TCGA-G3-A7M9-01A-23D-A34Z-10	2.258852941463	0	5.54405339401016	1.34068905265264	0	0	0	0	0	0	0	0	0	5.42830636734359	0	47.0031746414043	1.09001127403001	0	0	0	0	11.2892590622708	0.0431194855735741	28.5362807109154	0	0	2.28313804344108	0	24.6095451922413	2.45193995334001
TCGA-G3-AAUZ-01A-11D-A382-10	16.9464311378626	0.90448844299783	0	15.1960087117284	0	0	0	0	0	0	0	6.33567018869917	0.234196534123106	0	0	9.24656141776662	13.1450828404945	5.97532296505851	0	0	2.47407014292025	2.01482517430275	0	14.8844511368763	0	0	0	0	0	0
TCGA-G3-AAV0-01A-11D-A36X-10	13.8227198719938	6.14149920313208	6.96210496116523	10.0427906117042	0	0	0	33.9183643815074	0	4.40768844702843	14.5146609128229	14.0520659659443	0	0	11.3064962203767	0	4.84355486879464	0	0	0	1.42115278394034	13.6705726010759	0	10.3184632823468	0	0	0.735396680950915	17.3602593999036	0	0
TCGA-G3-AAV1-01A-11D-A382-10	10.1702773305994	0	0	0	0	0	0	0	0	0	0	0.656502874715343	0	0	0	18.7851331608678	0	0	0	3.75005208275848	0	0	3.39321748232036	8.08298379559221	0	0	0	1.39572387788626	8.22441125231107	3.17316234124903
TCGA-G3-AAV3-01A-11D-A36X-10	0	0	0	14.9284388570259	0	9.21715945690149	0	9.2857670359167	0	0	4.04441046694071	0	6.27655364593451	0	14.7762757058374	0	0	0	0	0	0	10.0533593468782	3.0006603493324	3.86323062287727	0	10.5548188074007	0.876137477172811	0	0	0
TCGA-G3-AAV4-01A-11D-A382-10	16.2603222758294	0.0439373762475303	0	26.4915718898348	0	0	0	0	0	2.11878384943476	0	0	3.28906024259581	0	7.84169008319799	31.1549674144332	0	5.51724515439831	0	0	5.88026197663569	0	5.44541096999323	16.3260348699238	0	0	1.15719160854772	0	0	0
TCGA-G3-AAV5-01A-11D-A36X-10	0	0	0	34.5813014323177	0	21.8696215053935	0	0	0	0	0	0	0.231257078335001	0	17.151669987254	9.07762267187345	0	0	0	0	1.02667397460764	0	4.46712759709504	0	0	0	0	2.03561986015723	0	0
TCGA-G3-AAV6-01A-21D-A36X-10	6.79983768620047	0.992639010096884	20.3123558123471	7.42226638743583	0	6.54087662811464	0	0	0	1.04035987243338	0	0	0	0	9.37328471779982	0	5.28411348931199	6.61653855861689	0	0	0	0	0	0	0	0	0	0	4.77327761547889	1.66513686109987
TCGA-G3-AAV7-01A-11D-A382-10	0	0	2.82950003452093	0	0	9.96165577924458	0	0	0	0	0	0	0.609049634535351	0	23.6453112377067	22.3023900837075	0	0	0	0	0	0	0	20.5398246060654	0	0.580715598135652	0	3.56942916322256	0	0
TCGA-GJ-A3OU-01A-31D-A382-10	9.87782528314021	0	16.1874417475024	0	0	8.27365414389361	0	0	0	0.35005922630474	0	0	0.397048056349735	0	2.27500167264452	0	0	0	0	0	6.5740933270788	0.739649692159868	2.59341990024945	7.87379074255249	0	0	0	3.44558264785122	0	0
TCGA-GJ-A6C0-01A-12D-A30V-10	0	0	0	3.288242319045	0	0	0	0	0	0	18.0496259703252	8.94556278796837	0.0119411907268738	0	14.7540379063388	9.71488241451597	0	0	0	2.0042146224913	0	0	1.3690293865584	2.36718053166372	0	0	1.82091942770105	1.04879136672527	0	34.1528739126323
TCGA-GJ-A9DB-01A-11D-A36X-10	8.37774439611359	0	14.5186264283969	8.76421530281854	0	0	0	0	0	4.55493094710544	0	0	1.70697472351997	0	0	8.8730937704428	0.282952808971015	0	0	5.22980588108113	0	2.39822581657222	10.7127591006549	9.02082966174579	0	6.51107614495803	0	0.851453478244175	0	5.17223237076065
TCGA-HP-A5MZ-01A-21D-A27I-10	6.32442199801042	0	14.9459278773033	2.65496380639288	0	1.30395058285907	0	0	0	0	0	0	0.604754889389961	0	0	0	2.17453938051283	0	0	11.7048698503377	0	1.49885857217317	3.18112430784793	0	0	0	0	0	0	2.69640816177545
TCGA-HP-A5N0-01A-11D-A28X-10	0	0	20.3640430278505	40.0608186042292	0	22.3395351289034	0	0	0	3.63723836472651	0	13.3525346251775	5.39869236966408	0	0	0	0	0	5.60401082481713	0	0	11.9304233553127	0.924485129667071	0	0	0	0	7.49195125864866	0	0
TCGA-K7-A5RF-01A-11D-A28X-10	3.44417721327205	0	2.65032652772818	0	0	0	0.447812434635415	6.02734631705936	0	0	2.78023570823818	0	1.09168804395303	0	0	17.2659057406029	0.782593587068684	0	0	0	4.12130649794557	0	5.98812452984782	10.4213859528414	0	0	0	0	0.978388220442448	0
TCGA-K7-A5RG-01A-11D-A28X-10	20.4820644184726	0	0	8.06994921241538	0	0	9.27235226623649	0	0	4.87442376318575	0	14.1967874640536	0	0	0	17.2816867843375	6.18704773667266	0	0	8.0646016468378	4.73560705810531	20.7267641053424	0	7.65013877102614	0	8.05235493789711	0	3.73186755617086	2.07044771847616	0
TCGA-K7-A6G5-01A-11D-A30V-10	5.56353728924355	0	0	9.73450929162635	0	0	2.36647690507731	0	0	0	0	0	0.274717201772175	0	0	15.9783101596499	0	0	3.41232590650567	2.4837489013875	0	0	1.02717995602562	6.42375925170696	0	0	0	6.0184910554558	20.5286365619676	0
TCGA-KR-A7K0-01A-12D-A33Q-10	0	2.14051851507707	4.34307864852587	25.9115347627803	0	14.7165130020837	0	0.965139969489288	0	0	0	0	2.28168668108801	0	5.80116762749162	8.89312900387116	0.0581397066744343	0	0	3.8201515356558	12.1212275536794	0	10.1387399429621	0	0	0	0	0	0	0
TCGA-KR-A7K2-01A-12D-A33Q-10	0.724687906079094	1.74281487652879	14.6350269707024	11.0872436063121	0	0	0	0	0	0	0	0	0.214135113838677	0	1.50878121037298	0.548387641253157	0	3.63387923352063	0	0	0.962349931279451	3.06662356858329	7.23611977565304	0	0	8.75127793873384	0	0.250958375534289	0	0
TCGA-KR-A7K7-01A-11D-A33K-10	21.6048734776854	0	8.39642471079246	5.44066567857268	0	3.57246802582201	0	0	0	2.40232605323718	10.007658291005	0	5.65429160887221	0	0	0	1.45987510894385	2.33699091880801	0	0	0	1.06603426047457	0	0	0	0	0	0.797050135924022	0	0
TCGA-KR-A7K8-01A-11D-A33K-10	13.429132555985	1.14205019604887	0	4.25928479427109	0	0	0	0	0	0	0	2.97808989478399	0	0	9.22081965961299	0	6.26869499228661	6.15839680776497	2.08209894956805	0	5.64465686861921	0.57745993484507	0	0	7.81727099251429	0	0	1.67599686693211	0	0
TCGA-LG-A6GG-01A-11D-A30V-10	0	0	2.931935347055	26.9037778672355	0	0	3.37070118749511	0	0	1.12463481148822	0	0	0.571511642375806	0	20.1295768632349	0	9.41109869072042	5.58982600813945	0	24.120372707118	0	87.0977196009513	0	0	0	3.02763651547651	0	0	10.4352628772467	0
TCGA-LG-A9QC-01A-11D-A36X-10	1.36853057591733	0	0	0	0	0.402770245543524	0.621362600652285	0	0	0	0	0	0.926641346294172	0	7.48306407136106	11.1313161346793	4.26273622533023	1.63787096751657	2.62140817753703	0	0	5.12291987553249	0	5.35536913723016	0	3.50553633807038	0.0525301436430863	0	0	4.96815045054442
TCGA-LG-A9QD-01A-11D-A382-10	15.8268159149035	0	0	14.3723388225714	7.5865659883803	0	0	0	0	0	5.70780128477216	0	0.791020302197508	0	3.10644935901309	20.64156780748	1.6942059956168	0	0	0	0	0	2.62542551740699	11.4849205944101	0	14.952965584595	0	1.8683045571773	0	2.0832529185101
TCGA-MI-A75C-01A-11D-A32G-10	0	1.8562681141296	0	11.4118729896915	0	0	1.67424075875582	0	0	3.7907022781535	3.19437270322411	12.0950549513892	0	0	0	28.8436250626377	0	3.78194002248703	0	17.5271672839335	0	1.67995429211509	1.16656502060874	7.14623548908811	0	0	0	1.00954718917059	12.1915670732841	11.139297731323
TCGA-MI-A75E-01A-11D-A32G-10	17.3495145056997	0.467994731562794	7.7294167667627	7.29555069544756	0	0	6.19492114684451	0	0	0	0	0	3.01759151634488	0	0	25.9151492815698	0	0	0	16.5296872073527	0	22.8955873961796	3.06146266190717	6.25504912476224	0	13.2905256412046	0	5.72159745873381	3.34564460075532	0
TCGA-MI-A75G-01A-11D-A32G-10	0	0	5.03245953305447	40.230610337788	0	3.96516686823514	0.415219654752446	0	0	0.137479863685764	0	0	6.1696783528578	0	11.5340564671743	111.748101006533	0	0	0	12.1356007780053	0	12.899342291309	0.999525738537178	41.0083441729225	0	0	0	0	0	0
TCGA-MI-A75H-01A-11D-A32G-10	10.7274814405721	0	0	0	0	0	4.25981101098899	43.9842493141005	0	0	4.68524707899619	18.7723970818697	1.54497277419879	0	10.0185031285559	6.40004516938515	2.70011788415067	0.99810072240287	0	0	0	10.308132727188	0	12.5985318920422	0	0	0	0	0	0
TCGA-MI-A75I-01A-11D-A32G-10	0	0	21.2848325092803	0	0	2.22587227494869	2.60485331308343	0	0	4.82818980620992	0	29.0058559629343	0	0	15.8665039241226	9.06758983731512	0	0	0	0	1.96668558540529	27.1073897171664	0	38.7031820058002	0	0	0	6.33587121226184	0	6.96622206776127
TCGA-MR-A520-01A-11D-A25V-10	0	0	3.09905180190735	0	0	0	0	0	0	0.766344580009931	0	0	1.22118954495599	0	2.60462872242167	4.64573839208553	0	0	4.0146325472364	0	0.841383379341591	0	2.09226673504766	0.612804199509073	0	0	0	0	0	0
TCGA-MR-A8JO-01A-12D-A35Z-10	1.67621838995646	0	0	0	0	0	0	0	0	0.628228758993837	1.57589984294878	0	1.93506220247452	0	4.56237056339909	15.4698858923323	0	2.84337926894497	0	5.87806318983344	0	0	0	2.50705666466236	0	0	0	0	0	0
TCGA-NI-A4U2-01A-11D-A28X-10	0	0.316782800263502	32.5890046458913	32.8008921870173	0	0	3.8461894184415	0	0	4.51743831082545	8.6837792061209	0	0.141522075711834	0.915370178889196	4.06995150151947	0	4.02034694507905	0	1.10039716246259	11.7078289238	10.464204420534	0	0	0	0	0	0	0	0	3.31945055864494
TCGA-NI-A8LF-01A-11D-A35Z-10	13.0218406786345	1.76961144642091	42.4224510745179	0.54972488849404	0	0	2.95048150839677	0	0	0	0	0	0	0	0	0	0	13.6108604804898	0	4.30691755495998	12.782682527635	1.51484616622819	0	2.47032986514608	0	0	1.83901098259015	0	0	9.40285222002649
TCGA-O8-A75V-01A-11D-A32G-10	0	1.71246037930806	0	17.7293006886893	0	7.8647233378542	4.5473643164722	0	0	0.124028918955312	0	0	0	0	0.5197506953567	34.0731634517085	0	0	0	0	0	1.69713546308583	0	6.47570950161157	0	0	0	1.70003715547902	0	0
TCGA-PD-A5DF-01A-11D-A27I-10	26.7858572123311	2.91270190703551	5.34040354234289	2.45977364127023	0	0	0	7.87159967737784	0	0	0	0	0.524365385011715	0	0	1.17467273755046	0	0	0	0	0	0	0	0	0	0	0	0.0878832854448253	0	0
TCGA-QA-A7B7-01A-11D-A32G-10	0	0.182762610054535	0	8.74189760997293	0	0	0.966901034905012	1.34792997486607	0	0	2.70512905560483	0.304857572096153	0	0	14.0406179837194	7.79768502931534	0	0	0	13.1093368820824	0	1.93251719705559	0.00322942619594877	13.7258474186484	0	0	0.200390761752493	3.4054913639533	17.5818929149183	12.5522266048444
TCGA-RC-A7S9-01A-11D-A33Q-10	9.99892597082187	0	0	0	0	0	1.00018008363888	0	0	6.10536575914879	3.75815447075034	0	0.602750751593793	0	13.4355191570842	21.2960063674087	0	9.23949198999582	0	0	0	0	0	0	0	0	0	0.576762872854037	0	0
TCGA-RC-A7SB-01A-21D-A34Z-10	1.49715198717607	0	0	0	0	0	4.50839565109633	0	0	1.602405707943	0	0	0	0	7.99240818874773	0	5.48087558236859	0	0	0	10.6539985000855	8.15942043721371	0	13.2532773375269	0	0	0	0	3.46413395790589	0
TCGA-RC-A7SF-01A-11D-A34Z-10	0	0	0	0	0	0	0.868199369744875	0	0	0	5.96369928778723	0	2.50847042505241	0	10.7745832276749	8.30732196894331	0.472475873546858	0	2.03759009648419	0	0	9.4642162362053	0	0	0	12.1861967775571	0	0	16.8813353780328	0
TCGA-RC-A7SH-01A-11D-A382-10	24.0138332841981	4.22053007503009	0	0	0	6.5937110359311	0	0	0	0	0	1.74262091486438	1.18999092310153	0	0	24.8826142596869	0	0	0	2.51542992799568	0	0	0	0.272329226022458	0	2.64082577373651	4.3474732211551	0.480407129800608	0	0
TCGA-RC-A7SK-01A-11D-A34Z-10	6.28278163335812	0	0	0	0	1.51953705260811	0	24.672696795495	0	0.125363671776778	0	0	0	1.69312313046514	1.6272652880621	112.919701009205	0	0	0	0	0	3.55636533890419	0	3.43772978983462	0	0	0	4.10400972716798	0	0
TCGA-RG-A7D4-01A-12D-A33Q-10	21.007648381499	0	0	15.9006723271746	0	1.23210537291765	0	0	0	0	0	0.960521331635401	1.70930102008328	0	6.04599616290933	21.7121037281019	0	0	0	4.34127246450061	0	0	0	0	0	1.34867124903169	0	4.7926142991454	0	9.0254433253682
TCGA-UB-A7MA-01A-11D-A33Q-10	17.581496971532	0	25.9414318273069	0	0	2.93553912812	11.0213363495691	0	0	4.31366426852684	4.29107985021655	0	3.07729996093265	0	0	0	1.63379083901618	0	0	0	0	0	0	0	0	0	0.718665638419944	0	0	0
TCGA-UB-A7MC-01A-11D-A33Q-10	3.54967427335062	3.93746729660005	19.757251350364	0	0	3.82214005510597	0.671416300861022	0	0	0	0	0	2.74241074191538	0	0	0	0	0	0	2.38873091092536	18.4906699789298	1.54754238893337	0	0	0	0	0	5.4050650405054	13.0335630794769	0
TCGA-UB-A7MD-01A-12D-A34Z-10	38.5387429939572	0	0	36.1868982040273	0	0	0	0	0	0	1.37560598084043	0	0	0	0.992866883828589	27.0840310614928	0.839100378997735	0	0	0	0	3.64106615176682	0	0	0	0	0	0	0	0
TCGA-UB-A7ME-01A-11D-A33K-10	5.34411751501511	0.435580931630637	0	0	0	13.3350506384049	2.77902808703856	21.1242746286163	0	1.37888778577603	0	0	2.20386064873653	0	0	0	0	2.95941840613542	0	0	0	12.2001804006738	0	1.28068556336541	24.5838377809217	0	0	1.97812044145644	0	0
TCGA-UB-A7MF-01A-11D-A33K-10	13.6444292913212	0.0689578188028974	55.2528578544927	0	0	0	0	0	0	0	5.15010419866573	0	6.33682273545767	0	7.79391663715753	0	0	0	0	0	8.49592588420069	1.99914716260086	0	8.10245399768923	0	0	0	0	0	0
TCGA-UB-AA0U-01A-11D-A382-10	7.84537631619915	2.53625481700815	17.4892490643145	9.66515850156148	0	0	0.775455715620466	0	1.92056978234373	0	5.76455545489686	12.4539811925589	0	0	8.74595807226629	0	0	0	0	0	0	0	0	4.08322390407841	0	0	0	0	1.12881286858667	0
TCGA-UB-AA0V-01A-11D-A382-10	14.7483379708548	0.0514595547233852	0	12.256386281155	0	0	0	0	0	0	0	0.275247918072529	0	0.621068687642054	9.34188718411346	0	5.5471863112192	0	0	0	0	0	0	0	0	2.90723798132256	0	2.38873564582511	0	0
TCGA-WJ-A86L-01A-12D-A45V-10	0.938511955423211	0	0	65.3370086066104	0	11.7953451682822	12.7135313044438	0	0	9.77923913433656	0	13.732982712653	0	0	7.37350953038412	0	0	6.64992650280845	0	0	0	0	0	0	0	0	0.23623588911781	5.93526562061964	0	0
TCGA-WQ-A9G7-01A-11D-A36X-10	115.249475045594	0	0	0	0	165.796862370235	0	0	0	0	0	0	0	0	130.091846156296	0	1.17228379457095	0	0	0	12.6415212631957	0	0	0	0	34.9724417231674	0	0	0	0
TCGA-WQ-AB4B-01A-11D-A40P-10	1.39738127592408	0.750753683556261	0	0	6.8471025237773	17.6748655983742	1.08263995812356	0	0	0	0	0	2.90414153301794	0	5.90909686030168	0	4.66525708025911	3.39052552538514	0	0	0	2.40667169773066	0	0	0.906848895177618	10.1725082362208	0	0	12.5131090785753	0
TCGA-WX-AA44-01A-11D-A38X-10	1.81491857012503	0.186848523843889	18.4522544000219	4.75328873392393	0	9.2946413648177	0.207673935715775	7.39635638093786	0	8.20875126350134	0	0	0	0	0	0	8.72297814495913	0	0	6.2099437609641	7.74948788109639	1.14138383912666	0	8.01800545051981	0	0	2.99387661004388	0	0	0
TCGA-WX-AA46-01A-11D-A38X-10	10.9411574925485	0	5.91751211367257	0	0	0	0	0	0	0	0	1.81782362688814	2.36081524662079	0	9.71392960079034	0	0	11.157674078354	0	0	7.76541194492078	0	0	6.96492604389849	0	0	0	2.99655900901563	4.11489851819095	4.84229026175737
TCGA-WX-AA47-01A-11D-A38X-10	0.957740655301338	0	13.0200698215297	0.582459163408562	0	2.07246995092006	2.83315356108264	0	0	0	0	4.49815515850758	0	0	0	3.2607307752248	0	0	0	2.04100709466321	0	0	0	4.05520295772553	0	8.90299187226589	0	0	0	0
TCGA-XR-A8TC-01A-11D-A35Z-10	15.0131632652226	0	0.510887018458568	8.88832854962011	0	8.22853534787208	0	0	0	0	0	0	1.7881477658861	0	2.90121934951784	0	0	0	0	0	0	0	0	16.8866740147453	0	0	0	0	0	0
TCGA-XR-A8TD-01A-12D-A38X-10	0	7.21995551116403	0	0.760058760783223	0	0	0	0	0	2.74858684053609	0	0	0	5.88389015735662	0.912685176575888	0	1.89894589214845	2.38436982225628	0	0.0123228391336368	2.66028543002932	0	2.48200175357369	0.849132765737846	0	0	0	3.76784204904861	16.0685867253426	1.076114088532
TCGA-XR-A8TF-01A-11D-A35Z-10	0	0	16.0219236006015	0	0	19.2643152270316	4.82839305420726	0	0	0	0.00800099655632095	6.0613655574654	2.77036158733993	0	0	0	0	0	0	10.6851973276119	0	38.4207524666388	0.530563777964618	44.1477346914667	0	0	0	2.66255148564035	0	0
TCGA-XR-A8TG-01A-11D-A35Z-10	1.02273109204367	4.75901429046321	4.53143327393234	5.48148899668819	0	14.6520635355094	5.23282556760858	0	0	6.43082701591846	0	5.36462652458638	0	0	0	0	2.20697767030097	4.61820537362772	0	0	3.80911409488763	6.42748933215881	0	11.1692345961193	0	1.92983362181086	0	7.35781870107317	0	2.55451005415186
TCGA-YA-A8S7-01A-11D-A36X-10	9.31856787726721	0	20.8385532426507	0	0	0	1.85466892948468	0	0	4.24993315881969	0	8.97347650423456	0	0	18.2916088660825	13.8244099481694	0	0	0	0	0	0.789467974209309	0	0.197051668214125	0	1.62754296844653	0	0	0	0
TCGA-ZP-A9CV-01A-11D-A382-10	0.094047706613642	6.03115717594339	0	5.39187374838798	0	0	0	0	0	0	0	0	0	0	8.82847133192805	38.9755148163712	0	0	0	10.3566949975864	0	0	0	7.15647198427313	0.2227786116259	9.4959177745174	0.453071907036354	3.54023312026272	0	22.5060751097166
TCGA-ZP-A9CY-01A-11D-A382-10	0.268584950211395	0.0337721737026512	7.4586496863852	0	0	16.4183385457704	0	0	0	4.54091746732034	0	4.65347916177588	0	0	6.40336910928968	5.15980113846984	0	0	0	0	15.4986165688513	3.26419591104853	0	14.3968748298884	0	0	0.95865211501711	0	0	0
TCGA-ZP-A9CZ-01A-11D-A382-10	0	0	7.4549044157972	0	0	16.7182488916535	0	0	0	0	4.10265205715078	6.4915113660634	1.05186086670905	0	0	3.49585753964248	0	0	0	0	0	0.229666495661074	0	4.74013940170729	4.36671328176952	0	0	0	0	7.5858506359754
TCGA-ZP-A9D0-01A-11D-A36X-10	1.7136461301715	0.202144621096649	16.3988433142837	0	0	5.60229904199137	0	0	0	0	0	0	3.40871054485527	0	0	0	0	0	0	6.57633947024502	1.91039384279729	7.19462935493583	2.60961305357821	8.35183021538776	0	0	0	0	0	0
TCGA-ZP-A9D1-01A-11D-A382-10	0	0	0	17.5149635124911	0	11.2861482592462	0	0	0	0	0	36.3303836076801	1.93270504714036	0	0	29.9478131233517	0	0	0	17.261807649307	0	23.5930516558274	0	3.81688258535901	0	0	0	3.77769824201358	0	0
TCGA-ZP-A9D2-01A-11D-A382-10	16.0252398909068	0	0	14.0910705278928	0	2.81068070055176	0	0	0	0	0	0	0	0	0	12.5465944508903	0	0	0	2.92703296831266	0	2.30133387107405	0	1.65087150776884	0	12.8070786127886	0	5.06517921311418	0	0
TCGA-ZP-A9D4-01A-11D-A36X-10	13.4984481379803	0	19.8340347264533	11.4694566596159	0	0	2.49994548395416	0	0	0	0	1.68174444260204	4.6834698513113	0	5.05811712223764	6.32485405984067	2.61094247994763	0	0	0	0	0	0.481840706822512	2.2588545880065	0	1.76431664657539	0	0	0	0
TCGA-ZS-A9CG-01A-11D-A36X-10	7.05965507266286	0	6.44026567754056	0	0	0	8.97091103637609	5.26216510221741	0	0	4.01305116594981	9.73421342971302	0	0	0	0	0	0	6.86317628127484	0.961047003063938	0	10.3873337611238	0	10.5245094230094	0	0	0	0.770739228682224	4.91515529016984	0
