Sample	Signature.1	Signature.2	Signature.3	Signature.4	Signature.6	Signature.7	Signature.8	Signature.9	Signature.10	Signature.11	Signature.12	Signature.13	Signature.14	Signature.15	Signature.16	Signature.17	Signature.18	Signature.19	Signature.20	Signature.21	Signature.22	Signature.23	Signature.24	Signature.25	Signature.26	Signature.27	Signature.28	Signature.29
TCGA-AF-2687-01A-02D-1733-10	77.2604071577811	0.437187673556502	0	0	11.4409969850644	0	0	0	0.0840110197494208	0	0	2.24432154936827	0	0	0	0.800311957128101	6.99642938106139	0	0	2.88108577173534	1.64917120760492	0	1.73701827127313	0	0	0	0	0.91421257172656
TCGA-AF-2689-01A-01D-1989-10	11.8723412791639	0	0.490752188903368	0	0	0.569559349341053	0	0	0	0	0	0	0	12.2199310335473	0	0	0	0	0	0	0	0	0	0	0	0	2.38565954028192	0
TCGA-AF-2690-01A-02D-1733-10	62.518292372305	0	0	0	3.5651375101775	2.7916657620119	0	0	6.93010240522869	0	0	3.651821553063	0	0	0	0	0.359814344337773	0	0	0	0	0	0	0	0	0	0	0
TCGA-AF-2691-01A-01D-1989-10	0	0.238993686106133	0	3.0600565811056	1.78934361383967	0.773455247801297	0	0	1.47802171789528	0	0	0	0	0	0	0	0	0	20.3545748000514	2.31284330549709	1.12090874227648	0.131074422325143	9.3701906706769	0	0	0	0.118785206932063	0
TCGA-AF-2692-01A-01D-1989-10	10.3264056266294	0	0	0	2.01023601457638	0	0	0	0.840786046471477	0	0	0	0	5.04834445812853	0	0	0	0	0	0	0	0	0	0	0	0	0	0
TCGA-AF-2693-01A-02D-1733-10	65.4482434524796	0.882453535048989	0	0	0	0	0	0	2.78155356071969	3.51953502060868	0	4.04886125821887	0	0	0	0	0	0	0	0	6.31809128615925	0	0	0	0	0	5.65553144382929	3.34614649533814
TCGA-AF-3400-01A-01D-1989-10	4.8262507063102	0	0	0	11.3280459040495	0	0	0	0	0	0	0	0	7.11510202677453	0	0	0	0	0	0	2.97262573286355	0	0	0	0	0	0	0
TCGA-AF-3911-01A-01D-1733-10	64.6766911884517	0	0	7.30150080683574	0	0	0	0	0	0	0	4.68331739224956	0	0	0	0	5.66655842166519	0	0	2.58389447417421	0	0.817487793768944	0.561187391807057	0	0	0	2.63947123436058	0
TCGA-AF-3913-01A-02W-1073-09	35.058289437077	0.749185101380816	0	31.1967563258553	0	3.22628020417462	0	0	0	0	0	13.1028913373045	0	14.1340945095481	0	0.37026340101256	0	0	0	0	0	0	0.186770745763079	0	0	0	4.67991752345665	5.82402549722199
TCGA-AF-4110-01A-02D-1733-10	52.4376166289128	0.601107488447121	0	0	0	3.4476167938316	0	0	2.50707797842253	0	0.833032932491625	0.877003056871613	0	15.8833632709365	0	0	0	0	0	5.06013916028597	0	0	3.02924078520427	0	0	0	7.54626765481796	0
TCGA-AF-5654-01A-01D-1657-10	97.8692202430257	0	0	0	10.0652076000615	0	0	0	0	2.11613523044761	0	4.56608872043349	0	0	0	0	11.7870334042818	0	0	14.3853474458248	0	0	0	0	0	0.239120432887851	0	0
TCGA-AF-6136-01A-11D-1826-10	117.979618980178	0	0	0	13.6226916378625	0	0	0	0	0	0	3.33592675718747	0	0	0	0	2.10794197740186	0	0	0	0	0	0	0	0	0	0	0
TCGA-AF-6672-01A-11D-1826-10	33.7491196075546	0	0	0	0	0	0	0	5.16448903141912	0	0	7.0860367515239	0	22.0906516235475	0	1.57674760044381	0	0	0	0	4.7616747263879	0	0	0	0.674710294401752	0	0.838444504063454	2.29485896311308
TCGA-AF-A56K-01A-32D-A38X-10	46.9653795788045	0	0	0	40.4227218607126	0	0	0	0	0	0	0	0	2.33828715557049	0	0	22.7216271089027	0	0	0	0	0	0	0	0	0	0	0
TCGA-AF-A56L-01A-31D-A38X-10	106.496838553915	0	0	0	3.96870220429298	0	0	0	4.06741731941597	0	0	0	0	0	0	0	19.9834704692518	0	0	0	0	0	2.96993303972439	0	0	0	2.65495565997571	0
TCGA-AF-A56N-01A-12D-A38X-10	32.9534053443158	0	16.5673921832537	0	47.6791724393356	15.5539023379692	0.346981893414567	0	0	0	0	3.09116562727657	0	0	0	2.4561738851296	0	0	0	0	2.99118547094414	0	1.51808524374789	0	0	0	0	28.9530453066129
TCGA-AH-6544-01A-11D-1826-10	77.5993597181419	0	0	0	0	3.31090460860229	4.9420886376941	0	0	0	0	9.86566213340662	0	0	0	0.022096641221142	1.64455933533791	0	0	4.55205203073167	3.58707980885121	0	0	5.83634314300787	0	0	11.9758092669271	20.6251425626485
TCGA-AH-6643-01A-11D-1826-10	62.1024471462807	0	0	0	3.81092615041771	0	0	0	1.57683244296616	0	0	0	0	0	0	52.3403158123927	0	0	0	0	0	0	0	0	0	0.755811328585398	0	0
TCGA-AH-6897-01A-11D-1924-10	88.4388746807568	2.86628292248831	0	0	0	3.14222822502803	0	0	0	0	0	0	0	0	0	0	6.66756490254908	0	0	0	1.89483149691332	0	0	0	0	0	0	0
TCGA-AH-6903-01A-11D-1924-10	48.8508996497235	1.59124657265538	0	0	0.0263847495506432	0	4.89406702490156	0	2.81215683341298	0	0	0	0	0	0	4.10086893898743	0	0	2.6849651215897	1.42411937841178	2.47870598470399	0	0	0	0	1.04670591337701	0	0
TCGA-DC-4745-01A-01D-1733-10	60.3532500917173	2.28565240994326	0	0	0	0	0	0	0.0447890973514098	0	0	2.94073809792679	0	0	0	0	6.26785568218156	0	0	0	1.04609300798449	0	0	0	0	0	1.95473744296164	0
TCGA-DC-4749-01A-01D-1733-10	66.1603105183807	0	0	0	0	0	0	0	2.84998948099098	0	0	1.84936317743984	0	5.89300364710049	1.23103174478151	0	0	0	0	0	0	0	0	0	4.63430501989488	0	0.306067994953213	0
TCGA-DC-5337-01A-01D-1657-10	78.6654964572244	0	0	0	42.9697891172762	0	0	0	6.49323429845691	0	0	0	0	1.74677321725644	0	0	0	0	0	0	0	0	0	0	0	0	0	0
TCGA-DC-5869-01A-01D-1657-10	57.2830263378052	0.453528286918044	0	0	0	1.39560221620345	0	0	1.15248082853592	0	7.23817301060748	2.59430337728314	0	0	0	6.40603848383698	0	0	0	0	1.22891451773046	0	0.654200478142287	0	0	0	0	2.81221972564437
TCGA-DC-6154-01A-31D-1924-10	59.107556890556	0	0	0	0.0994476322089471	0	7.31369891803014	0	10.2770789874992	0	0	0.244379743832193	7.45388777585631	0	0	0.650393936621217	14.4438488546477	2.06245640832756	0	0	0	0	2.25377559185914	0	4.3545228743164	0	0	0
TCGA-DC-6155-01A-11D-1657-10	24.4249237357067	0	0	0	6.59654973353708	2.00011534729849	7.48421948063499	0	4.71432255805063	0	0	2.67126491511067	0	8.041816756801	0	0	0	0	0	0	0	0	0	0	0	0	3.27990363297756	0
TCGA-DC-6157-01A-11D-1657-10	57.9046263061084	0	0	0	14.0206616293246	0	0	0	2.74368502176886	0	0	3.78933951678484	0	3.59296047507779	0	3.54697804613902	0	0	0	0	0.534908733799309	0	0	0	0	0	0	6.34487177544041
TCGA-DC-6158-01A-11D-1657-10	52.3997752851847	9.86564808269131	0	0	11.84287121568	0	0	0	0	0	0	10.2972397144532	0	0	0	0	11.6473129521864	0	0	0	0	0	0	0	0	0	1.33590464901803	0
TCGA-DC-6160-01A-11D-1657-10	70.641448556656	0	0	0	1.78299222195633	0	0	0	2.83637759772473	0	0	2.65814454543416	0	25.4785760695323	0	0	0	0	0	0	1.66419373973448	0	0	0	0	0	0	0
TCGA-DC-6681-01A-11D-1826-10	47.9110544087844	0	0	0	14.8483782689586	0	0	0	0	0	0	1.9670125168806	0	9.68377379700219	0	0.516483777059943	0	0	0	1.43188596094462	0	0	0	0	0	0	0	0
TCGA-DC-6682-01A-11D-1826-10	81.6085127812996	0	0	0	29.2895319338132	1.48129022893773	0	0	0	0	0	7.56523650524119	0	0	0	7.65695130464015	7.67576768189259	0	0	0	0	0	0	0	0	0	0	0
TCGA-DC-6683-01A-11D-1826-10	42.4841766544505	0.0107770949878166	0	0	0	0	0	0	0	0	0	3.80227174584612	0	0	0	0.581869340611199	6.97022552282185	0	10.4096135142487	1.83080701599029	0	0	0	6.1648130913989	0	0	0	0.343098455995373
TCGA-DY-A0XA-01A-11D-A152-10	45.5962081582921	0	44.9847589615424	0	0	0	3.87852515962444	0	0	0	0	9.82348547984165	0	0	0	0	0	0	0	0	1.41408245628738	4.94740066608527	12.1003978479272	9.25413288684435	0	0	4.50135565779373	0.74182917974679
TCGA-DY-A1DF-01A-11D-A152-10	95.586578367547	0	0	0	7.49297841263749	0	0	0	4.25192044605857	0	0	6.21181221378375	0	0	0	20.3242211969924	2.12861031609696	0	0	0	5.2793620171452	0	0	0	0	0	0	0
TCGA-DY-A1DG-01A-11D-A152-10	108.380504707092	2.58353432514008	0	0	0	10.4655994847499	11.4189647587494	0	0	0	0	5.7317722924119	0	3.74730341144027	0	2.84624188236868	11.1850665039906	0	0	0	1.7300848996446	0	7.51983550294949	0	0	0	0	2.73329534061054
TCGA-EF-5830-01A-01D-1657-10	42.8520900951426	0	0	0	20.2037945836359	0	0	0	0	0	0	0.54160374033397	0	0	0	2.60533625374426	0	0	0	0	0	0	2.31998945553689	0	0	0	0	7.223707043635
TCGA-EI-6506-01A-11D-1733-10	94.7941803140055	0	0	0	15.7370445002216	0.8011792383676	0	0	1.35019984294207	0	0	2.29416241761646	0	0.590619303510557	0	10.8698016291	0	0	0	0	1.04953180926002	0	0	0	0	0	0	0
TCGA-EI-6508-01A-11D-1733-10	46.7442022418654	4.48922464756004	0	0	0	0	0	0	5.75939352406363	0	0	3.93597088637588	0	28.3812346663928	0	8.28148435669147	1.29468637381531	0	0	0	1.21431094598045	0	7.8083118338152	0	0	0	4.22156422046388	0
TCGA-EI-6509-01A-11D-1733-10	38.9326077141218	0	0	0	10.9559853911866	0	0	0	0	0	0	0.785481944656051	0	0	0	0	4.27072130767907	0	0	0	4.47606389184856	0	0	0	0	0	1.62391260113496	0
TCGA-EI-6510-01A-11D-1733-10	72.834848686951	0	0	0	10.375532651429	2.2251334384146	0	0	0	0	0	0	0	29.3054267560621	0	0.87458341226716	0	0	0	0	2.70563397179052	0	0	0	0	0	0	0
TCGA-EI-6511-01A-11D-1733-10	40.7120914844725	5.97979867613358	0	0.535667863705473	0	1.68815452483568	0	0	6.4726629635772	0	0	0	0	10.5329679297687	0	7.29292298348999	0	0	0	0	0	0	7.75785351701091	0	0	0	0	0
TCGA-EI-6512-01A-11D-1733-10	79.2856656451509	0	0	0	19.447635748719	0	0	0	1.51525323808489	0	0	0.370851313134479	0	23.9672831381726	0	0	0	0	0	0	0.605041097286031	0	0	0	0	0	0	7.14322310949286
TCGA-EI-6513-01A-21D-1733-10	62.7138016066949	4.08978209495912	0.477017549618681	0	0	0	22.0767854661273	13.0638809754683	0	0	0	4.00357196950195	0	21.7590990586353	0	9.88838857775127	0	0	0	0	3.20091049625321	0	4.73399198885885	0	0	0	12.1051177652754	0
TCGA-EI-6881-01A-11D-1924-10	86.7162905150204	0	0	4.42271342042046	0	0	11.9215735182159	0	0	0	0	1.78218319310255	0	12.0609013442173	0	0	0	0	0	0	0.246224925017097	0	0	0	0	0	0	0
TCGA-EI-6883-01A-31D-1924-10	81.3745761657752	0	0	0	0	3.03385807545978	0	0	0	0	0	2.26507217673521	0	8.61880346415315	0	2.12598219107409	0	0	0	0	0	0	0	0	0	0	4.85530201656231	0
TCGA-EI-6884-01A-11D-1924-10	70.5904699922825	0	0	0	17.3216041830106	0	0	0	0	0	0	2.58650117883777	0	0	0	8.92557890094707	10.3536755768938	0	0	0	3.38840596739418	0	0	0	0	0	0	0
TCGA-EI-6885-01A-11D-1924-10	36.5301810974405	0	0	0	36.5079412793703	9.60693328014844	0	0	4.25022950531761	0	0	3.88502709245276	0	0	0	1.03922335291791	0	0	0	2.6736849772984	0.768797387931939	0	0	0	6.20921954471903	0	0	0
TCGA-EI-7002-01A-11D-1924-10	41.0876150901186	0	3.56222495539518	0	11.6635053192507	0	51.6355186895306	0	0.618512995569316	0	0	7.28455390899745	0	36.9353918407768	0	2.73899121067403	0	0	0	0	0	0	0	0	0	0	1.45992860580189	15.2997514492629
TCGA-EI-7004-01A-11D-1924-10	78.5269078716944	0	0	0	5.39085613255243	5.61353090604105	0	0	0	0	0	2.42135211831807	0	0	0	5.86264153538828	19.2497160370204	0	0	0	0	0	0	0	0	0	0	0
TCGA-F5-6464-01A-11D-1733-10	68.4611481398928	0	0	0	0	0	0	0	0	0	0	0.0231425903817158	0.2637941076528	3.98825829787182	0	31.4769550812485	0.487017854692028	0	0	0	0	0	0	0	0	0	0.944821529763159	0
TCGA-F5-6465-01A-11D-1733-10	59.8676442776311	0	11.1530920426652	0	0	0.119307117473293	0	0	9.1699253853366	0	0	2.66550148170806	0	0	0	0	0.59442602362099	0	5.84879289976223	0	3.13519696414778	0.358639518303991	0.307730755361239	0	0	0	8.30634565615695	0
TCGA-F5-6571-01A-12D-1826-10	77.9180259411741	0.273614507418691	0	1.54866972054842	4.25733542905539	0	0	0	0	0	0	3.84770682616403	0	0	0	1.16533555462929	0	0	0.0347885399036072	0	4.1527591304371	0	0	0	0	0	0	0
TCGA-F5-6702-01A-11D-1826-10	49.0795179330734	0	0	0	0	0	0	0	3.68843794294295	0	0	1.50280694306995	0	29.4977527817862	0	0.503235262151983	0	0	0	0	0	0	0	0	0	0	0	0
TCGA-F5-6811-01A-11D-1826-10	73.0390662736534	0.994783237986711	0	0	13.759165614872	0	0	0	4.70073174328035	0	0	0	0	4.93184497852049	0	1.0893409951521	0	0	0	0	0	0	0	0	0	0	0	0
TCGA-F5-6812-01A-11D-1826-10	61.4491934200042	0	0	0	0	0.139750606730599	0	0	0	0	0	2.72429958682227	0	5.66417285753539	3.66453357364312	0	0	0	0	4.23581860265804	0	0	0.043209894764018	0	0	0	2.27342984840488	7.49829018194662
TCGA-F5-6813-01A-11D-1826-10	71.5687904066061	0	4.81594755392489	8.27775349865035	0	0	0	0	8.19365438464466	0	0	9.6946196274311	0	15.2070064467131	0	0	5.87973480648172	0	0	0	1.85646693907357	0	0	0	0	0.0569176835740499	0	0
TCGA-F5-6861-01A-11D-1924-10	83.721663038409	3.13744092331955	0	0	0	1.09963125284667	0	0	2.34452948099868	0	0	2.12991988281265	0	0	0	1.91268376375617	0	0	0	1.12304206121787	9.25946047144668	0	0	0	0	0	0.877440171175912	0
TCGA-F5-6863-01A-11D-1924-10	45.5545698604851	0	0	0	9.87396427439968	0	0	0	7.48619576843059	0	3.2597857503154	3.34794407218321	0	0	0	0	0	0	0	0.0973037880706763	0	0	0	0	0	0.164096950718982	0	0.327950723689237
TCGA-F5-6864-01A-11D-1924-10	123.155368688101	0	0	0	0	0	0	0	0.213031742510781	0	0	8.60565661469887	0	0	2.26728609101985	0	3.03305901441364	0	0	0	0	0	0	0	0.702678821581984	0	0.153647196893539	9.13096238638354
TCGA-G5-6233-01A-11D-1733-10	73.582955532457	0	14.5850662719521	0	18.5167828681733	0	0	0	2.54841960156346	0	0	3.34568965438811	0	0	0	12.4915283393915	0	0	0	0	5.93759263898018	0	9.94046200587953	0	0	0	9.95338157959286	10.0576646197113
TCGA-G5-6235-01A-11D-1733-10	68.3497740085202	0	0	0	5.00873513701483	0	0	0	11.7912770703284	0	0	0	0	31.0819406451554	0	0	13.3820549133319	0	0	0	3.80333113989864	0	0	0	0	0.31926525574418	0	0
TCGA-G5-6572-01A-11D-1826-10	34.5227328434726	0	0	0	22.3191427265042	5.79025255787514	0	0	0	0	0	1.93755133089974	0	0	0	1.07316312890261	0	0	0	0	4.39992814324085	0	0	0	0	0	0	0
TCGA-G5-6641-01A-11D-1826-10	74.3069247859328	0	0	0	0	2.03697191155126	0	0	2.83195875411961	0	0	3.39635978640762	0	6.09775447661396	0	0	0	0	0	0	4.59030558539907	0	0	0	0	0.010620121191947	0	0
