Sample	Signature.1	Signature.2	Signature.3	Signature.4	Signature.6	Signature.7	Signature.8	Signature.9	Signature.10	Signature.11	Signature.12	Signature.13	Signature.14	Signature.15	Signature.16	Signature.17	Signature.18	Signature.19	Signature.20	Signature.21	Signature.22	Signature.23	Signature.24	Signature.25	Signature.27	Signature.28	Signature.29	Signature.30
TCGA-BF-A1PV-01A-11D-A19A-08	14.3039662902848	0	0	0	0	222.533997071994	0	0	19.5449773580681	17.2847114020554	0	0	0	0	0	0	0	0	0	11.1221856002637	0	0	0	0	0	0	0	0
TCGA-BF-A1PX-01A-12D-A19A-08	0	0	0	486.922430755025	0	216.055241447462	0	0	0	0	0	0	0	0	0	0	79.437188739485	0	231.413070631195	0	0	0	0	0	0	0	0	0
TCGA-BF-A3DJ-01A-11D-A20D-08	12.4769036448627	0	0	0	0	111.273463281745	0	0	15.5201321734122	0	0	0	0	0	0	0	0	0	0	0.869446539328217	1.5866585686692	0	0	0	0	0	0	0
TCGA-BF-A3DL-01A-11D-A20D-08	14.2986141579917	10.837210548164	0	0	0	318.681299399003	0	0	24.6650476570469	9.51556192537587	0	0.636398486439793	0	0	0	1.04484554313147	0	0	3.84463085885467	1.94585214153299	3.54997662917208	0	0	0	0.487902805559336	1.38557342406446	0	0
TCGA-BF-A3DM-01A-11D-A20D-08	38.7645612005231	0	0	0	0	328.760832251842	0	0	12.9133536929613	32.7638652985778	0	0	0	0	0	0.551834643668769	0	0	0	0	0.902273342046879	0	0	0	0	0	0	0
TCGA-BF-A3DN-01A-11D-A20D-08	0	8.11781225987991	0	0	0	39.3805014069206	0	0	5.54790381199972	0.851853144818664	0	0	0	0	0	0	0	0	6.76010821333082	2.59970101729713	1.70565925095744	7.09634061587715	0	0	0	0	0	0
TCGA-BF-A5EO-01A-12D-A27K-08	25.5561011987967	0	0	0	22.7508342006869	474.753582738935	0	0	32.1322062833324	2.62986268916356	0	0	0	0	0	0	0	0	3.27958828695101	5.23469277042275	0	6.49161473697856	0	0	2.26397903459162	0	0	0
TCGA-BF-A5EP-01A-12D-A27K-08	5.03653078169703	0	0	8.00467421324979	10.9428237569662	89.6910206768315	0	0	0.222184233755097	4.43197541513185	0	2.37213230300434	0	0	0	0	0	0	0	0	3.2473234787302	14.8981074852756	0	0	0	7.31325657324465	4.0637329422792	0
TCGA-BF-A5EQ-01A-21D-A27K-08	29.3316440709411	0	0	0	0	462.410187844304	0	0	21.8030895696919	17.2037757226813	0	1.5233179215998	0	0	0	0	0	0	0	5.70478382777266	2.0290981338577	3.58670119365496	0	0	0	0	0	0
TCGA-BF-A5ER-01A-12D-A27K-08	16.7547593097729	0	0	0	4.1375398471884	110.761707087909	0	0	9.41226034911608	22.910883969635	0	0	0	0	0	2.32361814622937	0	0	0	0	0	0	0	0	0	0	5.20741159090413	0
TCGA-BF-A5ES-01A-11D-A27K-08	47.8891903950198	0	0	13.956410480449	0	360.314320466384	0	0	10.4691145678373	0	0	0	0	0	0	0	0	0	7.99443647942	0	0.256961962129688	25.9030624544948	0	0	1.39083469003538	0	0	0
TCGA-BF-A9VF-01A-11D-A372-08	3.76006564661958	0	0	0	2.76503018332846	49.5849560721776	0	1.36853149410742	0	15.7774548364477	0	0	0	0	0	0	0.472235211422164	0	0.130807578209146	1.65749719951159	0.0837238412674459	0	0	0	0	0	0	0
TCGA-BF-AAOU-01A-12D-A397-08	17.9491135408064	0	0	6.56287242589894	0	242.908155363166	0	0	9.67810876684907	15.5053976977721	0	0	0	0	0	0	0	0	0	0	1.41927006072445	0	0	0	0.0536668973298993	0	0	0
TCGA-BF-AAP1-01A-11D-A397-08	54.6106426684711	0	0	0	0	685.132956973426	0	0	49.860389436839	0	0	0	0	0	0	0	0	0	6.79657560649848	0	4.18327279581032	0	0	0	0	0	0	0
TCGA-BF-AAP4-01A-11D-A401-08	39.7635223672926	0	0	0	0	564.749339099628	0	0	31.4625915123837	25.9240425447643	0	0	0	0	0	0.743099251621111	0	0	0	6.30272043819114	12.6003856972611	23.6655973200263	0	0	0	0	0	0
TCGA-BF-AAP6-01A-11D-A401-08	17.2038586381255	0.910124654436359	0	0	0	29.2343535821309	0	0	9.22175237204048	0	0	0	0	0	0	0	0	0	0.0971330112335247	0.806058368196214	0.645202863313568	7.37207398330764	0	0	0	0	0	0
TCGA-BF-AAP7-01A-11D-A401-08	15.6268700592993	0	4.66868834840027	9.93193911253422	0	288.994393842352	0	0	7.92455696581821	0	0	0.254841632652245	0	0	0	3.58735405907605	0	0	0	10.4371053256034	0.327256007838927	43.1217348122731	0	1.86687541319882	2.00351294926839	3.53219527242345	0	6.06837037770454
TCGA-BF-AAP8-01A-11D-A401-08	3.72432137200151	0	0	0	0	0	0	0	0	0	0	1.33874593722823	0	2.36448676453576	0	0	0.623474551207128	0	2.04127316604798	2.09524156811911	0	1.93315272432392	0	0	0	0	0	0
TCGA-D3-A5GT-01A-12D-A30X-08	9.95235477369443	0.847066055255564	0	0	0	0	0.0533792900201912	0	0.991179689984106	0	0	0	0	3.62611330288678	0.364228977169624	0.197428632209826	1.15176971322367	0	0	0	0	0	1.46112820060211	1.22200227258748	0	0	0	0
TCGA-D9-A3Z4-01A-11D-A23B-08	0	0	0	0	9.27751956598838	81.1780866473583	0	0	4.05393221035018	26.5277640853842	0	0	0	0	0	0	0	0	5.22780397947954	4.64265885302144	4.034319101238	0	0	0	0.678095774406124	1.02032996142375	1.14890094397169	0
TCGA-D9-A4Z2-01A-11D-A24R-08	0.757202051606166	0	0.140479709828797	0	0	0.35678796996098	0	0	1.81304512008027	0	0	0	0	0	0	2.92808449743211	0	0	0	4.65710508897767	1.3504061062592	3.06633334018305	0	0	0	0.601504524967389	4.39871681076355	0
TCGA-D9-A4Z3-01A-11D-A25O-08	0	0	0	14.3983793449705	14.6462288132463	545.480807798295	0	0	0	184.340418076875	0	0	0	0	0	0	0	0	0	0	0	0	0	0	0	0	0	0
TCGA-D9-A4Z5-01A-11D-A25O-08	13.7965665254978	2.51989921330962	0	14.3318707802048	6.41804477565254	0	0	0	0	8.07095345662812	0	5.05538222893779	0	0	0	0	8.72572673687837	0	12.0140372722185	0	0	0	0	0	0	0	0	0
TCGA-EB-A1NK-01A-11D-A196-08	0	0	0	245.149417127454	0	71.6059679320788	0	0	0	0	0	0	0	0	0	0	0	0	130.237912510091	0	0	0	0	0	0	0	0	0
TCGA-EB-A24C-01A-11D-A197-08	0	0	0	329.260269505071	0	0	0	0	0	0	0	0	0	0	0	0	27.3918775793278	0	149.886526479477	0	0	0	0	0	0	0	0	0
TCGA-EB-A24D-01A-11D-A197-08	0	0	0	261.733404349196	0	383.192729088457	0	0	4.17568697093691	0	0	0	0	0	0	0	28.7739751943486	0	136.635687937407	0	0	0	0	0	0	0	0	0
TCGA-EB-A299-01A-21D-A197-08	0	0	0	534.976955605119	0	47.4202261116889	0	0	0	0	0	0	0	0	0	0	108.9628423282	0	238.212817735366	0	0	0	0	0	0	0	0	0
TCGA-EB-A3HV-01A-11D-A21A-08	0	0	0	2.66207080338987	0	19.247429681033	0	0	3.14852911926071	0	0	0	0	4.5572451501214	0	0	5.14692497993382	8.28600934186471	0	0	0	0	2.71340195189352	0	0.46581873196519	0	0	0
TCGA-EB-A3XB-01A-11D-A23B-08	39.2260838540665	0	0	0	0	340.420927658936	0	0	18.0847729715685	37.5677418389217	0	0	0	0	0	0	0	0	5.29998197184036	23.0726651576261	5.848522240241	0	0	0	0	0	0	0
TCGA-EB-A3XC-01A-11D-A23B-08	18.1727535288938	0	20.1062426167177	6.13074790867014	0	225.758715873606	0	0	0.491316038809172	64.2073711241129	0	0.823284336435362	0	0	0	6.1621825295215	3.09406598658306	0	7.00233754213456	4.26534958606573	0	0.354848400873827	0	0	0.383911148134615	10.7498623254622	0	0
TCGA-EB-A3XD-01A-22D-A23B-08	19.2691237051604	0	0	0	0	306.831816338137	0	0	27.3804786136106	0	0	0	0	0	0	0	0	0	0	4.70374615147971	0.302927224565061	2.31874544415829	0	0	0	0	0	0
TCGA-EB-A3XE-01A-12D-A23B-08	0	0	0	4.24133910157614	0	8.88029899385973	0	0	0	0	0	0	1.61190102788498	6.49972025663097	0	0	0	0	0	0	0.329783768092999	0	0	0	0	2.29285977427721	0	0
TCGA-EB-A3XF-01A-31D-A23B-08	0	0	0	0	5.26490663858469	334.882312941422	0	0	10.2589631068703	1.52810698848868	0	0	0	0	0	0	0	0	0	12.6638873127638	0	0	3.87003025154221	0	0	0	0	0
TCGA-EB-A3Y6-01A-21D-A23B-08	40.2856486048767	0	0	0	0	378.939299102673	0	0	25.9837714162062	54.4914434917102	0	0	0	0	0	5.41464041215481	0	0	9.22682754959711	5.46148249057743	3.56650335131949	17.8646879440525	0	0	0	0	0	0
TCGA-EB-A41B-01A-11D-A24R-08	13.6511671277028	0	0	0	0	348.558514744055	0	0	15.1784008200697	0	0	0.0331398170472669	0	0	0	0	0	0	0	0	0	0	0	0	0	0	0	0
TCGA-EB-A42Y-01A-12D-A24R-08	10.9197566387877	0	10.0767296982755	0	7.93404267453181	11.8369438548293	0	0	1.34884193788388	0	0	1.82432427012344	0	0	0	9.21342084717657	0	0	0	1.02794406724017	0	0	1.73880996854349	0	0.228116775994376	0.06018704604225	2.15487249302207	0
TCGA-EB-A430-01A-11D-A24R-08	32.0187034977965	0	0	0	0	260.888420368704	0	0	19.9307300438812	0	0	0	0	0	0	0	0	0	0	0	1.03754626715494	40.2588409382444	0	0	0	0.644674357551795	0	0
TCGA-EB-A44N-01A-11D-A25O-08	7.58299308672048	0	0	0	5.42486516488358	99.1040187016173	0	0	10.832669261988	4.96078266912938	0	0	0	0	0	0	0	0	0	0	1.21376114701573	0	0	0	0	0	0	0
TCGA-EB-A44O-01A-11D-A25O-08	40.4659127374004	0	0	9.77687863245176	0	343.342051165468	0	0	8.29693815714672	33.1555401459111	0	0	0	0	0	3.07016750875502	0	0	0	2.31436978440957	2.65020929028024	20.0018782164186	0	0	0	0	0	0
TCGA-EB-A44P-01A-11D-A25O-08	15.2858735875221	0	0	0	0	231.070977924526	0	0	14.1685344273855	29.9459844506974	0	0	0	0	0	0	0	0	0	1.81518436421365	1.49692720195558	8.3387366526065	0	0	0	0	0	0
TCGA-EB-A4IS-01A-21D-A25O-08	33.3930171945041	0	0	22.5255370207019	0	344.668912528498	0	0	1.78818604782191	44.2804750243873	0	0	0	0	0	0	0	0	0	0	0	27.8155558925821	0	0	0.71340921229339	6.94161167730357	0	0
TCGA-EB-A4OY-01A-11D-A25O-08	8.62342757540846	0	8.62062982796486	0	3.49775333462111	0	0	0	0	0.679148483889038	0.75691703837377	4.67738547525847	0	8.308816918632	0	0	0	0	0	4.58651438179663	0	0	0	0	2.03512231686828	13.4382227033402	0	0
TCGA-EB-A4OZ-01A-12D-A25O-08	0	0	0	0.0356139944714371	0	0	0	0	1.45963800220776	0	0.0914713730949661	1.01015081150726	0	0	7.00912758683202	0.142254651079519	0.273691703578415	0	0	0	0.0572144065939643	0	0	0.18441657159459	0	0	0	0
TCGA-EB-A4P0-01A-41D-A25O-08	0	0	0	0	0.727618901270723	83.61333300511	4.34727105210074	0	2.22457208588735	24.136008092992	0	0	0	0	0	0	3.66115522759857	0	0	6.36761940820122	3.90775809170883	23.6439935944627	0	0	0.311162595174935	1.51458571094047	0	0
TCGA-EB-A51B-01A-11D-A27K-08	0.0308153314017986	0	0	3.96244058874327	19.8519226244418	289.523664272236	0	0	0	51.9085425322974	0	0	0	0	0	0	1.74686726804813	0	0	2.61639672144574	0.478687509884534	0	0	0	0	0.749961635222211	0	0
TCGA-EB-A550-01A-61D-A27K-08	14.4997914420954	0	0	0.751113859684724	0	104.469795529448	0	0	4.70279649135202	1.48003220090001	0	0	0	3.80697063089598	0	0	0	0	0	0	2.20549145798761	9.71153939242967	0	0	0	0	0	0
TCGA-EB-A551-01A-21D-A27K-08	20.4155347860195	0	0	0	0	241.85091506065	0	0	16.0035645994774	0	0	0	0	0	0	4.79943384298832	0	0	0	25.2866304121871	0.351745957082297	0	0	0	4.67552634346413	0	0	0
TCGA-EB-A553-01A-12D-A27K-08	34.996981821037	0	31.8360155422614	13.8879601968821	0	149.913888850516	0	0	8.8786250578339	52.262517462645	0	0.68298096322323	0	0	0	0.649738962080741	0	0	0	0.142790286061239	2.65918670323456	0	0	0	0	0.506998820401811	0	0
TCGA-EB-A57M-01A-51D-A30X-08	5.79784941075595	7.14225891516383	1.68882121553917	0	4.01631628013175	0	0	0	0	0	0	1.82641868646326	0	16.2324590518809	0	0	3.32757111000994	0	0	0	5.5135397366563	0	3.80011318527856	0	0	0	0	0
TCGA-EB-A5FP-01A-11D-A27K-08	21.1124332659804	15.8051668912594	0	0	0	258.805833580919	0	0	1.9731093976725	32.7822827281555	0	0	0	0	0	0	0	0	0	0	0.461078455106812	28.8181601404742	0	0	0	0	0	0
TCGA-EB-A5SE-01A-11D-A30X-08	16.3127169640667	0	0	0	0	163.476049178484	0	0	8.97171655286495	57.7946063431755	0	2.02488867771527	0	0	0	2.37549099004	0	0	0	1.29637319063274	0.630858821292366	0	0	0	0	0	0	0
TCGA-EB-A5SF-01A-11D-A30X-08	2.06348934466109	6.46316746724324	0	0	0	2.87910876380757	0	0	0	0	0	0.261407869422371	0	0	0	0	0.639955473259153	0.213812565621966	2.06528864913257	2.14250667699596	0	0	7.04894301004179	0	0	0	0	0.939840159021887
TCGA-EB-A5UM-01A-11D-A30X-08	16.6832547637743	0	0	0	29.6785125341087	402.074064903106	0	0	15.5642361837121	34.1123360515341	0	0	0	0	0	0	0	0	0	9.94851468601077	1.02455718130856	2.95333844168894	0	0	1.8615320591104	0	0	0
TCGA-EB-A5VU-01A-21D-A32N-08	0.522991047972494	0	0	2.68847152360981	19.5028521352626	2.88673079011137	0	0	0.969221509738442	0	0	4.1284992659934	0	0	0	0	1.95106217572567	1.12572731825675	0.289232519372527	0	1.75362569486796	0	0.889189640340117	4.43437350111747	0	0	0	5.38830313391589
TCGA-EB-A6QY-01A-12D-A32N-08	29.1875983651727	0	0	0	2.87004412459651	482.049488849535	0	0	20.172991132163	0	0	0	0	0	0	0	0	0	11.7114899565644	0	15.4909103963967	6.40215866644808	0	0	0	0	0	0
TCGA-EB-A6QZ-01A-12D-A32N-08	11.3853302548673	0	0	9.29220763077856	0	152.256651682027	0	4.57686491011874	2.14615708046298	48.4038714912607	12.3782215116699	0	0	0	0	1.65461593186386	0	0	0	0	6.54934477744535	2.13103946546681	0	0	0	0	0	0
TCGA-EB-A6R0-01A-12D-A32N-08	30.9484530810593	0	0	0	0	229.117362110281	0	0	5.69571491336913	0	0	4.58307193278279	0	0	0	3.66331922539148	0	0	0	0	1.64761291034646	37.8642973209646	0	0	0	0	0	38.630722079699
TCGA-EB-A82B-01A-11D-A34U-08	23.8203969767444	0	6.2250521806781	0	0	0.07205112393246	0	0	0.202998733579663	1.97842538004822	0	0.463438354526535	0	0	0	0	0	0	10.8687441875424	1.00494785601749	0	0	0	0	0	0	0	0
TCGA-EB-A82C-01A-11D-A34U-08	10.1896022126367	1.77381464406238	0	0	0	10.2798459231579	0	0	5.10825136762729	0	0	0	0	0	0	0	0	0	0.8109562270818	0.429946377650537	0.162897035800475	0	2.73508673986675	0	0	0	1.92577046383339	0
TCGA-EB-A85I-01A-11D-A34U-08	15.3901670988425	0	0	13.1882672714656	0	145.116160879233	0	0	11.4963839309967	0	0	0	0	8.26307117384222	0	0	0	0	0	0	0	0.786603321702881	0	0	0	0	0	0
TCGA-EB-A85J-01A-12D-A34U-08	11.1268775751864	0	0	0	10.9237372853686	349.605627301308	0	0	21.8056157397099	0	0	0	0	0	0	0	0	0	0	0	0	0	0	0	0	0	0	0
TCGA-EB-A97M-01A-11D-A38G-08	32.140189086013	0	1.33764139008303	0	0	223.882972917389	0	0	4.01475157196622	0	0	0.403855262697241	0	0	0	0.406464663307527	0	0	0	0	0	6.52103792983642	0	0	0	0	0	0
TCGA-ER-A19T-01A-11D-A19A-08	0	0	0	169.31625908025	0	0	0	0	0	0	0	0	0	0	0	0	70.8972377823748	0	99.2139575235605	0	0	0	0	0	0	0	0	0
TCGA-FR-A2OS-01A-11D-A21A-08	12.9407565186347	0	0	0	0	0	0	0	0	0	0	0	0	0	0	0	0	0	0	2.48839593609292	0.285469571293343	0	0	0	0	0	0	0
TCGA-FR-A3R1-01A-11D-A23B-08	19.2179748925563	0	0	9.88412256373068	0	300.674572724083	0	0	8.22226261981823	0	0	0	0	0	0	0	0	0	0	0	0	53.5712470528747	0	0	0	0	0	0
TCGA-FR-A728-01A-11D-A32N-08	7.44631019939285	0	0	0	0	284.221327379838	0	0	4.74768930809099	0	0	2.43299851981502	0	0	0	0	0	0	0	1.61044575740396	2.7332626397244	0	0	0	1.01883397238094	1.3886740376284	0	50.9746933350147
TCGA-GF-A769-01A-32D-A32N-08	25.2705738713983	0	0	5.41633690257868	0	78.7440387679414	0	0	4.2986976667903	0	0	0	0	0	0	2.47535860246669	0	0	0	0	3.06230126186012	14.5717613342514	0	0	0	0	6.01722774158157	0
TCGA-GN-A263-01A-11D-A196-08	0	0	0	133.77418990156	0	348.966016551529	0	0	0	0	0	0	0	0	0	0	0	0	81.4544193466363	0	0	0	0	0	0	0	0	0
TCGA-GN-A4U5-01A-11D-A32N-08	13.0174831030607	0	0	12.1833690968008	0	202.265785738048	0	0	0	61.2294649642621	0	0	0	0	0	0	0	0	0	0	2.53278894636505	24.9221810756078	0	0	0	0	0	0
TCGA-GN-A8LN-01A-11D-A372-08	20.7324389792833	0	0	0	0.51674758514086	201.290665094063	0	0	20.2117074229268	0	0	4.9501267742923	0	0	0	0	0	0	2.01938459802442	0	0	0	2.11597975566032	0	0	0	0	0
TCGA-XV-A9VZ-01A-11D-A38G-08	3.71916878199478	0	2.99519378209284	0	0	1.57364291252686	0	0	0	0	0	2.96495660616761	0	0	4.11205757984361	0	0	0	0	0	0	0	0	0	0	0	0	2.59176096746511
TCGA-XV-A9W2-01A-11D-A397-08	0.611088779832456	1.59343007745098	0	4.90669303857938	8.91378078132556	0	0	0	0	0	0	4.61152545162816	0	8.8830474137004	0	0	1.4263026696576	2.40720169697448	0	0	0	2.9492507362009	0.994090160087194	0	0	0	0	0
TCGA-XV-A9W5-01A-11D-A38G-08	9.32108362780925	1.40168883347839	1.9258917399222	0	0	50.5575384378225	0	0	6.83994209833319	0	0	0.880383227256156	0	0	0	0	0	0	1.25745512580009	0	0.52368103987085	0	0	0	0	0	3.6890604685787	0
TCGA-XV-AAZV-01A-11D-A401-08	4.13068436321039	0	0	0	7.36672048563187	96.3323211993844	0	0	0	0	0	0	0	0	0	0	2.26712070218866	0	0	0	0.893988424580033	0	0	0	0	0	0	0
TCGA-XV-AAZW-01A-12D-A401-08	21.7226612735209	1.26823816893273	3.73725935761419	0	6.06116028210275	86.4626351282112	0	0	7.99681319407479	0	0	5.96416109222591	0	0.896362513550645	0	0	0	0	0	0.81281157431236	0	0	2.47075536426523	0	0	0	0	0
TCGA-XV-AAZY-01A-12D-A401-08	0	0	0	0	0	152.879096475747	0	0	0	1.11942725026925	0	0	0	0	0	0	0	0	0	2.43434823750789	0.0812690155268162	0	0	0	0	0	0	0
