Sample	Signature.1	Signature.2	Signature.3	Signature.4	Signature.5	Signature.6	Signature.7	Signature.8	Signature.9	Signature.10	Signature.11	Signature.12	Signature.13	Signature.14	Signature.15	Signature.16	Signature.17	Signature.18	Signature.19	Signature.20	Signature.21	Signature.22	Signature.23	Signature.24	Signature.25	Signature.26	Signature.27	Signature.28	Signature.29	Signature.30
TCGA-2E-A9G8-01A-11D-A403-09	22.5424479875532	0.379925841061775	12.7405631295544	0	0	0	0	0	0	0	0	0	3.71722563730315	0	4.49705188685594	0	0	0	0	0	0	0.0336033006830731	0	7.16275357345464	0	0	0.168649415346722	12.12804618858	0	7.02961921194361
TCGA-4E-A92E-01A-11D-A37N-09	33.5486909945506	94.6243284420937	0	0	0	0	14.0998154549381	0	0	18.0729658435688	0	0	39.0920279437438	0	0	0	0	0	0	0	0	0	0	0	0	1.10673585716122	0	0	0	0
TCGA-5B-A90C-01A-11D-A37N-09	0.331734394703304	0	0	4.45714685962144	0	21.7362953853294	0	1.74596189375285	1.21317431526899	5.52635279219945	0	0	0	0	0	0	0.00899600561399515	0	0	0	0	0	5.3474639314064	0	0	0	0	0	13.3392893826693	0
TCGA-5S-A9Q8-01A-11D-A403-09	26.2124309491212	0	0	3.77973342504535	0	18.2799948671167	0.864605127802191	0	0	7.49822926897196	0	0	0.213106721531935	0	0	0	0.15726634991402	0	0	0	0	0	0	0	0	0	0	0	2.44840512126778	0
TCGA-A5-A0G3-01A-11W-A062-09	17.5928310509432	0	0	0	0	9.2773557166491	0.851992157236065	0	0	6.06733136264284	0	0	0	0	0	0	3.05718898854472	0	0	0	0	0.759558334871863	0	0	0	0	0	0	0	0
TCGA-A5-A0G5-01A-11W-A062-09	41.9150386173497	1.35445645557601	41.8377265727951	0	0	13.7426167426628	1.81926045772414	0	0	0	0	0	21.6246612686738	0	0	0	1.34604399368045	0	0	0	0.810346717165029	0	0	0	0	0	0	2.44710540482994	1.37101456919568	0
TCGA-A5-A0G9-01A-11W-A062-09	42.2098353880582	1.01489877184895	0	0	0	203.831046718207	13.3715888036542	76.7455766167851	0	19.096740294892	0	0	0	0	34.3768038662505	0	1.65698459682333	0	0	0	0	0	0	0	11.906525768079	5.16594666296423	0.216989787663135	0	0	0
TCGA-A5-A0GA-01A-11W-A062-09	25.5740935787268	0.878652741762413	0	7.26611887616539	0	137.505818917388	0	0	0	0	0	0	1.85782798899441	19.0730623330491	14.1859673386427	0	0.482541126766802	0	0	51.8184696979236	0	0	0	0	0	0	5.28217783844869	0	0	0
TCGA-A5-A0GB-01A-11W-A062-09	15.4826873203502	0	0	0	0	484.57482603545	0	24.2486070049358	0	10.1230470785527	0	0	0	13.1367682715685	37.5886341042099	0	0	0	0	13.0398811909261	0	1.91616733616202	0	0	0	6.56001900799067	0.576862690665781	0	0	0
TCGA-A5-A0GE-01A-11W-A062-09	16.5120438898098	0	0	0	0	0	2.54977066391969	0	0	5.3814840530654	0	0	0	0	0.520777230681894	0	0	0	0	0	1.5738026183427	0	0	0	0	0	0.394425641041941	0	2.16135679071176	0
TCGA-A5-A0GH-01A-21W-A062-09	83.6641794264688	0	3.57423559494889	3.62408524528926	0	229.766775441885	0	4.94883554642671	0	1.55497183462805	0	0	0	12.1406574828735	0	0	0	0	0	0	0	0	0	0	0	15.3988209213569	0	0.11874617131677	0	0
TCGA-A5-A0GI-01A-11W-A062-09	96.2833589408714	0	0	11.3329244656766	0	141.516743691071	0	0	0	0	0	0	1.88727277847931	46.8819985049081	0	0	0	0	0	13.3018095905458	7.54212671093786	0.641077524982837	0	0	0	7.1303619892304	0	0	0	0
TCGA-A5-A0GJ-01A-11W-A062-09	7.45664394802527	0	44.774490867177	0	0	0	0	5.44832572760487	0	0.229411506943678	0	0	3.99902645422489	0	0	0	1.70263924322905	0	0	0.28228393134641	0	0.678480494401007	0	0	0	0	0	0	0	0
TCGA-A5-A0GM-01A-11W-A062-09	19.0071236062472	1.19185022191283	0	0	0	10.5845659352112	0	0	0	0	0	0.0494520088909512	0	0	1.3831731943448	0	0.301199540457033	3.76826872718284	0	0	0	0	0	0	0.899029043685495	0	0	0	2.58552990097718	0
TCGA-A5-A0GN-01A-11W-A062-09	24.955594349283	2.8481262157345	4.72726743710247	0	0	5.68348887791764	4.75977929255129	0	0	0.975142791809986	0	0	5.80197445821951	0	0	0	0	0	0	0	0	5.95047307893005	0	0	0	0	0	0	0	0
TCGA-A5-A0GQ-01A-11D-A122-09	45.8571219967717	0	0	0	0	0	0.621943168331906	0	0	0	0	0	3.68924722904918	0	0	0	0	0.837959162045814	0	0	0	0	0	0	0	0	0	0	3.49183090063917	0
TCGA-A5-A0GU-01A-11W-A062-09	23.7295600515381	0.165764003993329	0	0	0	1.82581498999334	0	0	0	0.173859953368318	0.100978575157347	0	2.5711995740033	6.24521770135431	0	0	4.96017185299547	0	0	0	0	0.34527633517962	0	0	0	0	2.3936633407057	0	0.344012810668634	0
TCGA-A5-A0GV-01A-31W-A062-09	25.9729092047842	0	7.98208608036121	0	0	0	2.98393419555771	0.670660274418165	0	0	0	0	1.54441564130292	3.22076689682969	0.232409632478872	6.15914816843099	0	0	0	0	0	0	0	0	0	0	0	0	0	0
TCGA-A5-A0GW-01A-11W-A062-09	115.310178126366	0	0	0	0	138.65068303018	0	0	0	1.04651565899151	0	0.339526950131162	2.73016465095896	0	0	0	0	0.819775511807453	0	11.7958187112397	0	1.67678673804247	0	0	0	0	0	0	0	0
TCGA-A5-A0GX-01A-11W-A062-09	29.4589302517056	1.39422711654705	0	0	0	0	0	0	0	0	0	0	0	0	0	0	0	0	0	0.311096646191835	0	0	1.50569523844287	0	0	0	0	0	0	0
TCGA-A5-A0R6-01A-11D-A10B-09	17.9912575436562	0	7.74333730171169	0	0	11.2849421895764	2.20592954308611	0	0	0	2.0662978237182	0	0.90841468263041	0	0	0	0	0	0	0	0	0.175751509682579	0	1.69698032985209	0	0	0.366530255713546	0	0	0
TCGA-A5-A0R7-01A-31D-A10B-09	7.53782941385362	0	21.8068180963623	3.45597202534081	0	23.0957710736892	3.84129856223303	0.352774286160992	0.589110165540954	0	0	0	0.15125501572276	0	0	0	1.73254957385394	0	0	0	0	0	0	0	0	0	0	0.857564274241269	0	0
TCGA-A5-A0R8-01A-11D-A10B-09	55.8086480245072	0	0	0	0	0	3.22332632207873	0	0	0	0	0	0	0	0	0	0	7.68683325543845	0	0	0	5.76324499259119	0	0	0	0	0	0	0	0
TCGA-A5-A0R9-01A-11D-A10B-09	32.0730096328214	0	0	0	0	4.14832892781312	0	0	0	0.928152528628226	0	0	0.926161132629881	0	0	0	0	1.33668609965698	0	3.62862830341354	0.438397821732505	0	0	0	0	0	0	0	1.66589516991331	0
TCGA-A5-A0RA-01A-21D-A10B-09	53.5327593664714	0	0	0	0	8.25983282188947	0	0	0	0.877298102538782	0	0	0	0	0.118273053050902	0	0	0	0	0	0	0	0	2.83640842185329	0	3.57675063979922	0	0	3.63898101579452	0
TCGA-A5-A0VO-01A-21D-A10G-09	33.163563263528	3.33681352525627	0	0	0	20.6351176639636	6.83624526318793	0	0	0	0	0	0	0	0	0	0	4.81736052297186	0	0	0	0	0	0	0	0	0	0	0	0
TCGA-A5-A0VQ-01A-11D-A10B-09	87.2049748167696	0	0	0	0	264.119454211153	0	0	0	0	0	0	0	0	0	0	0	0	0	0	0	0.487031146432811	0	0	0	0	0	0	0	3.07071540284854
TCGA-A5-A1OG-01A-11D-A14G-09	6.76220288082386	0.716369478372726	0	0	13.2981004656557	0	5.54330364841665	0	0	0.865539449425515	0	0	3.00419486806575	0	6.15301828080307	0	0	0	0	0	0	0.375112218132828	0	0.398621309774578	0	1.84551073205187	0	0	0	0
TCGA-A5-A1OH-01A-21D-A228-09	41.2811093303821	13.7866211785552	35.1408639917524	5.89017379565422	0	0	0	6.57603962358213	0	0	8.43514464017543	0	16.8161473575152	0	0	0	6.68493385344252	0	0	0	0	2.56617710099101	0	0	0	0	0	0	0	0
TCGA-A5-A1OJ-01A-11D-A14G-09	39.9833399278918	0	0	0	0	2.22884899988417	1.69226258459958	0	0	6.10930813370743	0	0	0	0	0	0	0	0	0	0	0	0.462371575883326	0	19.6943422270521	0	0	0	0	8.03644771598515	0
TCGA-A5-A1OK-01A-11D-A14K-09	40.6639362087719	0.908436350981039	0	0	0	0	10.3262339907477	0	0	0	0	0	0	0	16.8607278409505	0	0	6.77954716839357	0	0	0	0	0	2.75205063617005	0	0	0	0	0	0
TCGA-A5-A2K2-01A-11D-A18P-09	43.1766405717656	10.3061858820266	34.8231458011697	1.5114374391106	0	7.92459928967331	0	0	0	0	7.40032347565956	0	22.6173573448879	0	0	0	0	0	0	0	0	0	0	6.13010106933374	0	0	0	8.67996869420658	13.1987636034261	0
TCGA-A5-A2K7-01A-11D-A17W-09	186.423892896669	8.45150935861331	0	0	0	456.08094311756	0	0	0	0	0	0	0	12.1175425438492	0	0	0	0	0	3.09246905957423	0	1.33156979247684	0	0	0	0	0	0	0	0
TCGA-A5-A3LO-01A-11D-A228-09	21.8454056673465	0	0	0	0	0	0	0	0	0	0	0	2.51183935081282	0	6.10646583463751	0	0	0.966603234863098	2.92817226089554	0	0	1.57656024982909	1.3384271363381	0	0	5.99645336401198	0	0	0	0
TCGA-A5-A7WK-01A-11D-A34Q-09	22.8712637462306	2.282757032261	14.5308786368795	0	0	0	6.99931092480759	0	4.00658999719477	5.02736567346917	0	0	22.5670107176479	0	0	0	0	0	0	0	1.46447794764657	0	0	0	0	3.80092478612488	0.62243106834691	1.1643046370228	7.70129701532033	0
TCGA-A5-AB3J-01A-11D-A403-09	25.0713429656179	3.39451061605404	0	0	0	3.87409035860921	0	0	0	0	0	0	0.989214708294355	0	8.62756681139042	0	0	0	0	0	0	0.525527452532216	0	6.92495171381251	0	0	0	1.96627426284715	0	0
TCGA-AJ-A23M-01A-11D-A159-09	27.4845934551868	4.35403949615659	15.3777505843284	0	0	0	0	0	0	0	0	0	31.376206858179	0	1.78246553990472	0	1.61198598820906	0	0	0	0	0	0	17.491759939158	0	0	1.88518172031424	0	0	0
TCGA-AJ-A2QK-01A-11D-A18P-09	36.021442697125	1.39530482895185	0	11.4986581713283	0	17.0155122624966	0	0	0	0	0	0	0	0	0	0	0	0	0	0.16070100058727	0	2.85525656382508	0	0	0	0	0	1.5444521555482	11.615964375507	0
TCGA-AJ-A2QL-01A-11D-A18P-09	29.0687117294522	0.0572832399853148	2.90001747239295	0	0	5.41590281551173	0	1.94240264942414	0	1.03099707001322	0	0	0	0	0	0	0.395478070072	0	0	0	0	0	0	0	0	0	0	0	4.72042475128175	0
TCGA-AJ-A2QM-01A-11D-A18P-09	15.9570879916311	43.6278336305187	0	2.42207518945354	0	6.23183532057286	13.5417532044802	0	0	0	0	0	129.051929693737	0	0	5.06645945215663	0	0	0	4.92484125542858	0	1.90716415790834	0	0	0	0	0	1.91207134091581	7.10919554768511	0
TCGA-AJ-A2QN-01A-11D-A18P-09	64.753682623933	0	0	0	0	4.07880713548686	0	0	0	0	0	0	1.72145084890026	0	17.3617652645896	0	0	0	0	0	0	0	0	0	0	0	0	0	0	0
TCGA-AJ-A3BD-01A-11D-A19Y-09	25.7913741952374	0	15.1620991068	0	0	14.7776769035833	3.13027870171789	0	0	7.76326146322366	0	0	8.67131427724134	0	0	0	0	0	0	0	2.77519322666526	0	0	3.33028105225346	0	0	0	0	2.35541627847729	0
TCGA-AJ-A3BF-01A-11D-A20S-09	21.2624025225317	0	0	6.80050545305435	0	0.109025473459878	0	0	0	0	0	0	0	0	0	0	1.88708075486483	0	0	3.03066294300582	0.0970745830470893	0	0	0	0	0.192791545599276	0	0	0	0
TCGA-AJ-A3BI-01A-11D-A20S-09	12.7825034355371	3.14124427005073	0	11.7635384796157	0	11.3693506804883	0	0	0	0	0	0	0	0	2.36283556228255	0	0	0	0	0	0	0.790511117048553	0	0	0	3.69510293012324	0	0	0	0
TCGA-AJ-A3BK-01A-11D-A19Y-09	41.5977303181641	0	0	2.73523991488382	0	10.4181893125677	0	4.02376906597626	0	0	0	0	0.597851749236041	5.97105842971749	0	0	0.967536620158752	0	0	0	0	0	0	0	0	0	0	0	5.08009100830231	0
TCGA-AJ-A3EJ-01A-11D-A19Y-09	41.6838059573758	0	0	0	0	1.0604295713272	0	0	0	4.23785600408541	0	0	0.0850994451175081	0	5.9190013715108	0	1.26949072649539	1.8835044654655	0	0	0	4.37310855017925	0	0	0	0	0	0.248186993350549	6.1833009006323	0
TCGA-AJ-A3EM-01A-11D-A20S-09	13.1587352281379	0	5.65635709273764	14.1025491483207	0	0	0	0	0	1.10304670271988	0	0	0	0	9.34266127851303	0	1.0395516446007	0	0	0	0	2.38129496375914	0	0	0	7.83513206647879	0	0	2.68805350834134	0
TCGA-AJ-A3I9-01A-11D-A228-09	8.77487820371273	0	0	0	0	0	0	0	3.80243896773234	2.01687891052843	0	0	1.20891421430449	3.62218270435032	11.180828142749	0	1.68812101621978	2.0532139228644	0	0	0	0	0	0	0	1.3644296195995	0	0	1.12201959625816	0
TCGA-AJ-A3IA-01A-11D-A20S-09	0	0	170.108799201864	29.1173967752563	0	15.7333546926382	0	0	0	0	0	0	29.6390750888387	19.2521605123403	3.39664281068375	0	11.6248671899535	0	0	0	0.170589058927237	0	0	14.4454414603173	0	0	0	4.45599915896803	0	0
TCGA-AJ-A3NF-01A-11D-A228-09	14.551661661412	1.82206108701306	0	0	0	0	11.738156388109	0	0	1.29121261281514	0	0	5.68946481038192	0	19.5690864843978	0	0	5.60433909304595	0	0	0	1.48979630733565	0	5.63039380298672	0	0	0	0	0	0
TCGA-AJ-A3NG-01A-11D-A228-09	92.8676037156118	0	0	0	0	3.51984505489348	0	0	0	0	0	0	0.918234103657533	0	0	0	0	0	0	0	0	0	0	0	0	0	0	0.601680597196278	5.78420951843018	0
TCGA-AJ-A3OK-01A-12D-A228-09	1106.93176023782	0	0	0	0	138.065667864714	0	0	0	0	0	0	0	0	0	0	0	0	0	0	0	0	0	0	0	0	0	0	0	0
TCGA-AJ-A3OL-01A-11D-A228-09	185.925570409148	0	0	0	0	79.3268430868273	0	0	0	0	0	0	0	0	0	0	0	0	0	21.8895851751672	0	0	0	0	0	0	0	0	0	0
TCGA-AJ-A3QS-01A-11D-A228-09	30.2735981584804	51.5414328518991	0	0	0	0	24.0046089936374	0	0	20.2585955665463	0	0	163.127802961141	0	9.58299880855915	0	0	0	0	0	0	0	0	21.8012539125875	0	0	0	0	0	0
TCGA-AJ-A3TW-01A-11D-A228-09	29.778146882654	19.2955789101231	7.3302594857939	0	0	0	2.91951751657393	0	0	6.57260091668862	0	0	54.5136247232623	0	0	0	2.15222265859207	0	0	4.786672806755	0.62046944922652	0	0	0	0	0	0	0	2.70316195782517	0
TCGA-AJ-A5DV-01A-11D-A27P-09	99.5358691036524	0	0	0	0	0	0	0	0	0	0	0	0.618049106459809	0	0	0	0	0	0	0	0	0	0	0	0	0	0	0	0	0
TCGA-AJ-A8CT-01A-11D-A37N-09	928.867122940074	0	0	0	0	167.4246061033	0	0	0	0	0	0	0	0	0	0	0	0	0	0	0	0	0	0	0	0	0	0	0	0
TCGA-AJ-A8CV-01A-11D-A37N-09	72.2148079535582	0	0	0	0	130.143591369545	0	0	0	0	0	0	0	0	17.7626454981777	0	6.59217868801367	0	0	0	0	0	0	0	0	0	0	0	0	0
TCGA-AJ-A8CW-01A-11D-A37N-09	234.467021036964	0	0	0	0	379.892302568135	4.33402574091591	0	0	22.1276551441556	0	0	0	0	0	0	0	0	0	0	1.38692320711712	0.906271663547745	0	0	0	18.2750747096368	0	0	0	0
TCGA-AP-A052-01A-11W-A027-09	16.9589258062766	0	0	0	0	0	0	0	0	0	0	0.21949492798407	3.67205921190561	0	0	2.83250979943428	0.522273840707513	0	0	0	0	0.626327899245539	8.449404224205	0	0	0	0	0	9.17839695730837	0
TCGA-AP-A053-01A-21W-A027-09	17.8634387664747	3.92348854199154	0	17.1862535704951	0	0	0	0	0	0	0	0	0.711949753956936	2.55777333751838	0	0	0	0	0	3.73903428978147	0	0	0	0	0	1.16608886046385	0	0	0	0
TCGA-AP-A05D-01A-11W-A027-09	23.5405214719844	0	0.354817816786659	0	0	0	0	0.721550347912103	0	0	3.68355326523873	0	2.53892037531516	0	0	0	2.35143417872559	0	0	0	0	0.521089112761334	0	0	0	0	0	0	0	0
TCGA-AP-A05H-01A-11W-A027-09	22.4433958833949	0.417161992219987	8.3697050737418	0	0	16.1479265746731	4.73042998337979	0	0	10.2420250387479	0	0	0.739890973065733	0	2.82735242329852	0	0	0	0	0	0	0.220111528391509	0	0	0	0	0	0	0	0
TCGA-AP-A05J-01A-11W-A027-09	0	0.155810362152864	0	0	0	16.0755220656585	0	0	0	5.46113563606038	0	0	2.75161148015969	0	8.23119382253988	16.4681828210897	0	0	0	0	0	0	0	0	0	0	0	0	0	0
TCGA-AP-A05N-01A-11W-A027-09	0	0.672972690509011	0	0	0	117.773513229714	7.14125948307699	5.87297058941196	0	12.7537273494496	0	0	0.550957317086529	26.792695279026	8.3365003316404	0	0	0	0	12.1191752328726	0	0.825661925900049	0	0	0	9.3242284701613	0.671916216739422	0.53896664091339	0	0
TCGA-AP-A05P-01A-11W-A062-09	39.2456297203073	0.342505626428479	0	0	0	0	5.74399221601094	0	0	7.58229398036734	0	0	0	0	3.06224535770916	0	0	0	0	0	0	0	0	0	0	0.16668245954039	0	0	0	0
TCGA-AP-A0L9-01A-11W-A062-09	12.8025705855915	5.87862526052211	5.61678509843165	0	0	0	3.03528631535045	14.1522932127709	0	0	0	0	16.3778298519415	0	0	0	0	0	0	0	4.1718303958228	0	0	0	0	0	0	0.727204252208567	8.97648428207758	0
TCGA-AP-A0LD-01A-11W-A062-09	170.770761015182	0	0	0	0	148.379873349517	0	0	0	4.35887952489686	0	0	0	0	0	0	0	6.40191744065749	0	76.7614079784405	29.8480519925876	3.39574952574722	0	0	0	0	0	0	0	0
TCGA-AP-A0LE-01A-11D-A127-09	71.936042383241	0	0	0	0	263.318253595741	0	0	0	0	0	31.0915424194334	0	43.1874448604452	0	0	0	0	0	31.6972413306691	0	3.53659207922727	0	0	0	0	0	0	0	0
TCGA-AP-A0LF-01A-11D-A122-09	57.8999424357748	20.3114140382668	26.7583478211873	2.02891977300321	0	0	3.67854406993869	0	0	10.629240511208	0	0	92.1289932601245	0	4.51277718894234	0	5.88297349158934	0	0	0	0	3.7083994226616	0	18.6314963100657	0	0	0	0	0	0
TCGA-AP-A0LG-01A-11W-A062-09	11.475491732674	3.98274221651258	0	13.9749127272599	0	304.895973112126	0	0	0	8.36324560095637	0	0	0	0	0	0	0	10.8315505718641	0	21.0018640382928	0	0	0	0	0	0	0	0	0	6.24559836233028
TCGA-AP-A0LH-01A-11W-A062-09	22.9323253030903	0	0.292238498150906	1.36703392266598	0	0	2.99882795842678	0	0	1.67113041370642	0	0	0	0	0	0	0.381816487666488	0	0	0	0	0.193386747833422	0	0	0	0	0	0	0	0
TCGA-AP-A0LI-01A-11W-A062-09	16.7714370149305	13.2951020143441	51.1543796661568	0	0	0	0	0	0	0	0	0	33.6836908788223	1.2148039995738	0	0	1.05416997120181	0	0	4.31796765896888	0	0	0	0	0	0	0	0.581478196602571	0	0
TCGA-AP-A0LJ-01A-11W-A062-09	12.4652834937763	0.55610874660559	0	0	0	26.5693971170058	0	0	0	0	0	0	4.4143594226063	0	0	0	0	0	0	0	0	0.324451436305993	0	0	0	0	0	0	0	0
TCGA-AP-A0LL-01A-12D-A127-09	37.5504348585278	0.0756072820081756	0	0	0	0	0.778191093177206	0	0	0	1.43139142223995	0	1.33425314752887	0	9.14546952699042	0	0	0	0	0	0	0	0	2.27496683287859	0	0	0	0	0	0
TCGA-AP-A0LN-01A-11W-A062-09	43.1531495298063	1.91583208323912	0	0	0	0	0	0	0	1.06411223799551	0	0	6.91919771190262	0	0	0	0.265494072788778	0	0	0.0582451701855325	0.0835253975442131	0	0	0	0	0	0	0	7.77013141434823	0
TCGA-AP-A0LO-01A-11W-A062-09	23.282230574937	0	0	0	0	0	2.88657768127077	0	0	3.40251842685476	0	0	0	0	0	0	0	0	0	0	0	0	0	1.05794216472357	0	0	0.446427703282391	1.12664366168667	0.322451263624115	0
TCGA-AP-A0LP-01A-12D-A10B-09	84.5200329139393	0	0	0	0	117.079200871462	0	0	0	0	1.63415528020913	0	3.9875258437271	0	5.36724549806451	0	0	0.860674513438985	0	29.8663072883258	0	0	0	0	0	1.2585224060352	0	0	0	0
TCGA-AP-A0LS-01A-11D-A14G-09	58.450015204861	0	0	0	0	210.299223812876	0	0	0	0	0	20.6445788484922	0	0	0	0	0	9.51311480266345	0	69.1946473174354	0	0	0	0	0	29.7081144711943	0	1.5743785464502	0.0102544103414349	0
TCGA-AP-A0LT-01A-11W-A062-09	86.6940809422982	9.71556257140563	0	0	0	453.16515645353	0	0	0	0	0	0	0.0502144285307044	0	0	0	0	0	0	0	0	0	0	0	0	0	5.22200389407493	0	0	0
TCGA-AP-A0LV-01A-11W-A062-09	7.06123599035234	1.72538791644691	0	0	0	0	0	0	0	0	0	0	0.875653859762209	0	2.84105220128924	1.07798685878442	0	0	0	0	0	0	0	0	0	2.45256792530399	0	0	2.095524764604	0
TCGA-AP-A1DH-01A-31D-A135-09	57.3884597903036	0	16.9682055485887	0	0	392.98642834599	0	4.07002496119197	0	0	0	0	0	0	0	0	0	0	0	21.6168512736625	6.04074445941572	0	0	6.53292871165944	0	0	1.15578304766377	0	0	41.7884785113151
TCGA-AP-A1DM-01A-21D-A135-09	17.4407254191674	0	0	14.1496726774172	0	218.871007834578	12.3511177294422	0	0	6.54451594899283	0	0	10.0438208518521	10.0517418665004	28.5714455581141	0	0	0	0	0	6.15637391410427	0	0	0	0	14.4583485341665	2.12915611713292	0	8.94465070147473	0
TCGA-AP-A1DO-01A-11D-A135-09	137.187041078714	0	0	0	76.6456677305647	284.071418437869	0	1.6642723829221	0	9.03118258948518	0	0	0	0	0	0	0	0	0	36.9018195005753	0	0	0	0	28.2146451434129	0	0	0	0	0
TCGA-AP-A1DP-01A-11D-A135-09	0.609796668170803	0	0	0	0	285.324182985919	5.81376358114119	26.2137474447314	0	5.72874685394822	0	0.0750178508561691	6.91921605166399	0	57.0256261148395	0	0	9.48288327513651	0	0	23.3883718734607	2.71501766725652	10.3553212805269	0	0	0	3.1048088398214	0	0	0
TCGA-AP-A1DQ-01A-11D-A135-09	11.3099737059197	0	0	0	0	0	2.77556193567309	0	0	0	0	0	2.90620126586539	0	7.42044965958461	0	0	0	0	0	0	0.0554935974344862	0	0	0	0	0	0.300202628678593	8.6910298896156	0
TCGA-AP-A1E1-01A-11D-A135-09	52.3680813341175	3.62389832883871	0	0	0	399.922143962739	0	0	0	18.8050845261657	0	16.3246824958853	0	0	35.9174996518045	0	1.19629191337832	0	0	0	0	7.97890076866846	0	0.208666782063394	0	0	0	3.78696996397036	10.7812343919874	0
TCGA-AP-A1E3-01A-11D-A135-09	18.2166555857511	1.92457910449028	0	0	0	8.04683041182914	3.42731055925972	1.4505211419066	0	0	0	0	1.21925555574064	0	0	0	0	0.190846455446249	0	0	0	1.36182874046221	0	0.570425388499139	0	0	0	1.53116023679638	8.74848269395444	0
TCGA-AP-A1E4-01A-12D-A135-09	7.79007081967536	0.659639111802256	0	0	0	0	0	3.50233267505961	0	2.85780620586401	0	0	0	0	0	0	0	0	5.57300906881463	2.46038977692796	1.2483327741935	0.521627661779105	0	0	0	0	0	0	3.7621524160179	0
TCGA-AP-A5FX-01A-11D-A27P-09	9.99737287988019	0	0	0	0	12.4648786106787	5.20257501513532	3.64726663815655	0	0	4.4750154793796	0	0	0	2.54297589176404	0	0	0	0	0	0	0	0	6.64351367620356	0	0.305550183001074	0	0	0	0
TCGA-AW-A1PO-01A-12D-A159-09	6.45701612744789	0	17.9954184860231	4.7543537244345	3.79984743356926	5.57533990921097	5.33950553196854	0	0	0	0	0	8.24442543462463	0	0	0	0	0.552020124051938	0	2.03164979672947	0	1.18693775408834	3.93919363381956	9.07450072956473	0	0	0.248965648387677	3.60330740098151	0	0
TCGA-AX-A05S-01A-11W-A027-09	196.127539219584	7.05530818844245	0	0	0	195.375910503692	0	0	0	0	0	0	0	0	29.2558856514676	0	0	0	0	41.0201126898399	0	0.597008453970265	3.5497659433364	0	0	0	3.14470472402619	0	0	0
TCGA-AX-A05T-01A-11W-A027-09	10.9185730826512	6.86084400754791	0	0	0	8.33968350411614	3.09255580330395	0	0	0	0	0	0	0	0	12.0946978203103	0.719248927165896	4.71141787123877	0	0	0	0	0	0	0	0.559167603565135	0	0	0.703337945583094	0
TCGA-AX-A05U-01A-11W-A027-09	6.72390332980576	0	0	3.01304329192095	0	7.94703691436626	2.87552150612203	0	0.750645501750566	0.607372421527561	0	0	1.18651684535621	0	0	0	0	1.95594315172909	0	0	0	0	0	0	0	0	0	0	0	0
TCGA-AX-A05W-01A-21W-A027-09	41.5600655741038	8.40779950920294	0	0	0	0	8.01420761600502	0	0	0.511582588131435	0	0	0	0	5.18463934784625	0	0	5.66244121064899	0	0	0	0	0	2.17827862728681	0	0	0	2.4946927332554	0	0
TCGA-AX-A05Y-01A-11W-A027-09	110.062212813628	0	0	0	0	91.6602500515913	0	0	0	0	0	0	0	0	10.8402214439618	0	0	0	0	0	0	0	0	0	0	0	0	0	0	0
TCGA-AX-A060-01A-11W-A027-09	34.9224293089969	0	0	0	0	394.868354950004	11.7075081079894	18.0598790869279	0	18.0127289502073	0	0	0	47.0349423656192	10.454669401715	0	0	0	0	0	3.78124994907298	6.31860495172905	0	0	27.1460953153029	102.123141333408	0.73344880406925	0	0	0
TCGA-AX-A062-01A-11W-A027-09	5.12941526722537	1.57337780748006	0	0	0	9.07744253950604	0	0	0	2.81283831080391	0	0	1.22067466787133	0	7.1851828130791	0	1.96869691340384	0.890330285093736	0	0	0	0	0	0	0	0.401178168449222	0	0	0	0
TCGA-AX-A064-01A-11W-A027-09	71.1879562360846	0	0	0	0	13.4450799421009	0	0	0	0	0	0	0	0	84.6182252394127	0	0	0	0	81.5470290568186	0	0	0	0	0	2.31305018279806	0	0	0	0
TCGA-AX-A06B-01A-11W-A027-09	18.6764150709463	1.35923755522611	0	0	0	0	0	0	0	5.92498662263691	0	0	0	0	12.7167982832098	0	1.0098823912164	0	0	0	0	0	0	0	0	0	0	0	0	0
TCGA-AX-A06H-01A-11D-A122-09	111.430462665649	0	0	0	0	202.232353127958	0	0	0	7.5917241478365	0	0	1.16767051825609	0	17.6351647870725	0	0	0	0	0	0	0	0	0	0	0	0	0	0	0
TCGA-AX-A06J-01A-11W-A027-09	33.5263697539124	2.12203261539218	0	0	0	0.534752253355971	0	8.04025710795803	0	0	0	0	0	0	0	0	1.1155515436437	0.785567589703684	0	4.33621090545198	0	0	0	0	0	0	0	0	3.57602801258547	0
TCGA-AX-A06L-01A-11D-A122-09	30.7232002638428	0	0	0	0	0	0	0	0	0	0	0	1.13638348059174	6.19537407162664	0	0	0	3.35465340369121	0	0	0	1.9241598590209	0	0	0	0	0	0	0	0
TCGA-AX-A0IS-01A-12D-A10M-09	26.4368683187676	0	0	0	0	6.98756798710391	0	0	0	0	0	0	2.40339151453978	0	2.74800109215241	0	0	0	0	0	0	0	0	0	0	0	1.51453915182255	0	6.62637373637709	0
TCGA-AX-A0IU-01A-11D-A10B-09	2.82493689310766	2.12282587673903	3.05283512986314	0	0	10.2936173177078	0	0	0	0	0	0	3.02946970916126	4.24485088361567	7.04316115357364	0	0	1.37211796268933	0	0	0	1.55241691102354	4.69954548244329	0	0	0	0	1.58085431825896	7.10950378610477	0
TCGA-AX-A0IW-01A-11W-A062-09	17.7603253285187	3.03040979802117	15.2595693232498	0.454144925667677	0	0	0	0	0	3.31473608276516	0.686612641493004	0	0	0	0	5.88792935670118	0	0	0	0.3685823975095	0.872825327652633	1.0078194135418	0	0	0	0	0	0	0.279282349169966	0
TCGA-AX-A1C7-01A-11D-A135-09	17.1754715918134	0	0	0	0	0	2.26793711325264	0	0	5.47047623791107	0	0	0.747004836500009	0	2.65410020824538	0	2.71676517987998	0	0	0	0	0	0	0	0	0	1.51737677911335	0	11.8531141576141	0
TCGA-AX-A1C8-01A-11D-A135-09	22.3231116997073	3.13933693604333	25.3967453294246	0	0	0	3.65705692774919	0	0	6.29867399477818	0	0.0683913643040899	8.24837481665729	0	0	0	0	0	0	3.44286198828864	6.36925132450303	0	0	0	0	0	0	0	0	0
TCGA-AX-A1CA-01A-12D-A135-09	41.5575479968705	27.1407940840956	0	14.476855499487	0	11.6406769641081	0	0	0	0	0	0	23.9320591924282	0	0	0	1.31588870164624	1.81725709982108	0	0	0	0	0	5.76782549945954	0	0	0	0	0	0
TCGA-AX-A1CC-01A-11D-A135-09	6.40072020381897	2.18347379468773	0	0	0	0	0	0	0	0	5.40284790747552	0	0	0	0	0	0	0	0.112700465166948	0	1.88208535990687	0	0	3.58562626290175	0	0	0	0	0	0
TCGA-AX-A1CF-01A-11D-A135-09	7.55284229209641	0	90.8799390660352	0	0	0	0	0	0	2.0247818835547	4.03566478201345	0	6.64856938715401	0	0	0	0	0	0	0	0	0	0	3.63701619117812	0	0	0	0.991386267415575	0	0
TCGA-AX-A1CI-01A-11D-A135-09	29.822641434151	0.450320871939312	0	0	0	0	0	0	0	3.09525967203882	0	0	0.295000980894202	0	0	0	0	0.98400351317727	0	0	0	0	0	33.4282411044453	0	0	0	0	5.37962375992245	0
TCGA-AX-A1CJ-01A-11D-A135-09	47.9582117794339	0.90988020160536	0	0	0	1.13183031990965	1.26397957069419	0	0	0	0	0	0	0	0	0	0	1.86131464084692	0	0	0	2.8238780431683	0	0	0	0	0	0	1.88734933680327	0
TCGA-AX-A1CK-01A-11D-A135-09	56.8738320849643	0	0	0	0	0	0.689326063147356	0	0	0	0	0	1.40145401816881	0	0	0	0	9.32971871022101	0	0	0	0	0	0	0	0	0	0	0	0
TCGA-AX-A1CN-01A-11D-A135-09	16.3811980575149	2.31034412107329	0	5.39036957509438	0	7.51587208615462	1.68558267105724	0	0	0.0214807002295991	0	0	0	0	0	0	0	1.72284482830031	0	0	0	0	0	0	0	0	0	0	0	0
TCGA-AX-A1CP-01A-11D-A135-09	17.607108817958	0.361169626818441	0	1.28943020825029	0	1.0476014046695	0	0	0	0.398724937903664	0	0	1.53246188066966	0	0	0.0956793462191861	0	0	0	0	0	0	0	0.638118687061109	0	1.63362932225412	0	0	0	0
TCGA-AX-A1CR-01A-12D-A135-09	22.7181971795513	3.99397835894381	1.53539172327934	0	0	0	0	0	0	0	0	0	3.97127349825522	6.9337875510762	11.2399641477661	0	0	0	5.99557586892715	0	0	0.963561312805282	0	0	0	0	1.08441493727097	0.696095255361368	0	0
TCGA-AX-A2H2-01A-11D-A17W-09	49.7061398360406	32.5217682724788	36.4673472865766	10.9436289166632	0	0	18.1525409369275	0	0	0	0	1.79101956801705	60.8400840976713	0	0	4.4429567923872	0.151593887164741	0	0	0	0	0	0	13.8345696160738	0	0	0	3.8136997875621	0	0
TCGA-AX-A2H4-01A-21D-A18P-09	24.0311108074895	14.6610968095865	58.1820976826149	0	0	13.5343121039189	11.4439154101488	0	0	1.45644158766452	0	0	84.3991169983725	0	0	0	0	0	0	0	0	0	0	0	0	0	1.35964217972473	0	0	0
TCGA-AX-A2H5-01A-11D-A17D-09	14.0446536511432	6.70946593752451	0	1.39690611635534	0	0	0	3.77764269027147	0	0	0	0	3.54516748182217	2.47770773166986	17.9747478364868	0	0.255757907867745	0	0	0	0	0.81591255562411	0	0	0	0	0	0	0	0
TCGA-AX-A2H7-01A-12D-A18P-09	66.1022407663282	0	0	6.17584926147674	0	0	7.46303020646651	0	0	3.93361081554529	5.81911040647565	0	2.72315339365669	0	11.5959189919665	0	0.496128413712504	2.78774901672863	0	0	0	0	0	3.75463145986937	0	0	0	0	0	0
TCGA-AX-A2H8-01A-11D-A17D-09	23.9603167616285	0	13.0704772370364	0	0	0	0	7.59070115567083	0	0.417462544980265	0	0	2.90893918264756	0	3.19379367357983	0	0	0	0	0	2.82558384431622	2.50596909931593	0	0	0	0	0	0	1.98620597151334	0
TCGA-AX-A2HF-01A-11D-A17D-09	5.42600995102952	0	2.94094139352398	1.76990486091101	0	0	0	0	0	0	0	0	5.9981754740407	0	4.95490944956642	1.2288723335612	0	0	0	0	0	0	0.267330553423052	0	0	0	0	0	0	1.17713976515813
TCGA-AX-A2HH-01A-11D-A17D-09	32.6795636484451	0.301809905007892	0	0	0	2.3389753762819	7.83226948739176	0	0	0	0	0	0	0	8.46607702798646	0	0	4.05720845711833	0	0	0	0	0	0	0	0	0	0	0	0
TCGA-AX-A2HK-01A-11D-A17D-09	15.8704005178878	0	11.6619076474685	0	0	7.26607957245759	0	0	0	3.16565043542923	0	0	3.59551577038224	0	0	0	0	0	0	0	0	0	0	0	0	0	0	0.787853556575864	22.0770220074349	0
TCGA-AX-A2IN-01A-12D-A17W-09	57.8086193006618	0	0	0	0	347.803600208173	0	41.2285163185616	0	12.1017869074694	0	9.72093807665629	0	0	2.43914547846705	0	0	0	0	0	0	0	0	0	0	42.2715973556773	0	0	0	12.0617808818311
TCGA-AX-A2IO-01A-11D-A17W-09	41.722326847137	49.427272129321	21.1981751197947	0	0	0	38.6804000832805	0	0	19.9075803667627	0	0	303.982354920348	0	0	0	0	0	0	0	0	0	0	0	0	0	0	0	0	0
TCGA-AX-A3FV-01A-11D-A228-09	27.810643001056	0	41.6501887100207	0	0	0	0	0	0	0	0	0	8.63485037419926	10.5291341054685	0	0	0	0	0	0	0	1.97898907055883	0	6.31319486986412	0	6.48867994044445	0	6.54559550458802	0	0
TCGA-AX-A3FW-01A-11D-A228-09	42.9140618128306	0	0	0	0	0	0	3.83524748124332	0	2.80975917775163	0	0	0	0	11.1554719103856	0	0	0.262759531780545	0	0	0	0.622440404593026	0	0	0	0	0	0	0	0
TCGA-AX-A3FX-01A-11D-A228-09	26.3024510011869	1.87859989786471	27.151652343241	0	0	0	4.75093455575067	0	0	2.23953379952795	0	0	0.812128654220506	0	3.48053147172751	0	0	0	0	0	0	0	0	0	0	0	0	0.287517215623454	2.11766146470244	0
TCGA-AX-A3FZ-01A-11D-A228-09	23.1041268687818	0	0	0	0	0	5.83357927697148	0	0	7.56685443084866	0	0	1.01625764303052	0	2.69363118840732	0	0.633571825203068	0	0	0	0.820721482739061	0	0	0	0	0	0	0.422806573609929	0	0
TCGA-AX-A3G1-01A-11D-A228-09	13.2017245336844	0	21.6893063014185	0	0	11.8121543250871	2.62961117686215	0	0	3.99644720639635	0	0	2.65765376913915	0	0	0	1.23975323891522	0	0	0	0	0	0	3.24305064888977	0	0	2.04091431274842	0.113246963870079	4.59105390134273	0
TCGA-AX-A3G3-01A-11D-A20S-09	24.6039925816094	12.937382128392	97.2119109432086	0	0	0	9.81785239945425	0	1.5820280906462	0	0	0	8.93966106142648	0	0	0	0.384653661579175	6.03894415193433	0	0	0	3.94424561549087	0	0	0	0	1.35126810752998	0	11.8753261708227	0
TCGA-AX-A3G4-01A-11D-A20S-09	9.92884077409806	3.21970285714352	0.0343790776468946	0.280042125944751	0	0	0	5.93884579996119	0	0	0	4.31469229286105	0	0	0	0.612724230142472	0	0	0	0	1.76433207761578	1.96306723034494	3.07530092524613	2.52169588498497	0	0.409002203123666	0	0	0	3.92661579768635
TCGA-AX-A3G6-01A-11D-A20S-09	19.5544508594342	0	9.283618977385	0	0	8.51949604049232	5.57818572821331	0	0	8.14144123458761	0	0	2.41880266493516	0	5.22106057146592	0	0	0	0	0	0	1.52271565307073	0	0	0	0	0	0	0	0
TCGA-AX-A3G7-01A-12D-A20S-09	8.67307610772907	0	0	0	0	18.0916885419882	3.47152686757205	0	0	0	0	0	0.858637239989253	0	0	0	0	2.92890298447059	0	0	0	0.792793699062011	0	0	0	0	0	1.40654450082457	0.787473850460344	0
TCGA-AX-A3GB-01A-11D-A228-09	86.0424688591956	0	0	0	0	11.8486516464434	0	0	0	0	0	0	0	0	0	0	0	0	0	0	0	2.64779865312681	0	0	0	0	0	2.39857402351591	0	0
TCGA-AX-A3GI-01A-11D-A20S-09	12.1667523255918	1.05537891534943	6.12027230994393	1.47477147113988	0	0	0	0	0	1.71038226645555	0	0	0.777521392506363	0	0.457629775105878	4.07968458996964	1.01737329717705	0	0	0	0	0	0	11.7736110092182	0	0	0.251809800117205	0	0	11.9240147279705
TCGA-B5-A0JN-01A-11D-A10B-09	0	5.78710519582802	73.288530213668	0	0	15.7078601992991	0	0	0	0	0	0	7.57204605005739	0	0	0	0	0	0	0	0	0	0	11.5356205745758	0	0	0	0	0	12.4976852919853
TCGA-B5-A0JR-01A-13W-A062-09	66.2403465823176	1.81027178931112	0	0	0	235.833566475475	0	9.6154256102813	0	0	0	0	0	86.383409421122	59.0878558700577	0	10.9286111731398	0	0	0	0	0	0	0	0	85.1945969803629	0	0	0	0
TCGA-B5-A0JS-01A-11D-A10B-09	18.5375644345942	0	0	0	0	0	0	0	3.06804274332453	0	0	0	1.1338228939806	0	3.57724579914655	0.0626109171965546	1.94497789144452	0	0	0	0	0	1.83684570829043	0.0791298057336156	0	0	0	1.96306493016851	0	0
TCGA-B5-A0JT-01A-21D-A122-09	42.4470289128451	0	0	0	0	4.26609445022181	0	0	0	4.30218712510218	0	0	1.84120662336632	0	0	0	0	12.6440242133431	0	0	0	1.12763663936805	0	0	0	0	0	0	0	0
TCGA-B5-A0JU-01B-11D-A14G-09	39.8658070236555	0	0	0	0	326.5145705149	14.8717351596219	8.05474646344087	0	5.82591136209248	0	6.8555173608255	0	0	7.02373797810169	0	0	0	0	0	0	2.42973123416684	0	0	1.72519703523483	0	0	0	0	0
TCGA-B5-A0JV-01A-11D-A10B-09	214.648504245754	0	0	0	0	124.555319705709	0	0	0	6.04803606770241	0	0	0	0	42.0592926154161	0	0	0	0	0	0	0	0	0	0	0	0	0	0	0
TCGA-B5-A0JX-01A-21D-A14K-09	43.7719011243741	4.71495129533204	0	0	0	15.0011258869778	0	0	0	0	0	0	8.39113416486604	0	0	0	3.76216512090462	3.93343296636446	0	0	0	0.0462056700663932	0	0.461174881692276	0	0	0	1.2232207750449	0	0
TCGA-B5-A0JZ-01A-11W-A062-09	26.1246787806084	0	16.564021258826	0	0	326.190073652381	0	0	0	13.4145060469401	0	1.3104485930723	0.359881465057041	10.8273861394569	0	11.2923202881919	0	0	0	0	0	0	0	0	0	0	0	0	0	15.6723855061656
TCGA-B5-A0K0-01A-11W-A062-09	5.09815229511693	2.33606907343055	0	4.37148879159511	0	0	0	0	0	0.0063368640440699	0	3.65875659023506	1.31613931871409	0	0	0	0	0	1.12018413326631	1.67043878089252	0	0	0	0	0	0	0	0	0	1.54127047669319
TCGA-B5-A0K1-01A-11W-A062-09	14.0937067742427	0	0	0	0	14.1552467119165	6.06476482866312	0	0	4.20794754717073	0	0	0.824567057694628	0	5.28996094418943	0	0	2.50466292245533	0	0	0	0	0	0	0	0	0	0	1.06803275111496	0
TCGA-B5-A0K2-01A-12W-A10C-09	0	2.70023230512349	0	2.14453514290954	0	209.925923241506	2.14671131309767	23.5679257490149	0	7.65439122276067	0	0	0.362645577551682	1.55534243498395	3.91336014499098	0	0	1.60329694064562	0	6.26154674224232	0	1.57803017092007	0	0	0	0.122709133038681	0	1.36673938111406	0	0
TCGA-B5-A0K3-01A-11W-A062-09	42.316475520847	2.9529878346727	0	0	0	0	0	0	6.96237269040962	0	0	0	2.3465712747507	0	0	0	0	0.199852587509877	0	0	0	0	0	0	0	0	0.0871204350310035	0	2.18079828181243	0
TCGA-B5-A0K4-01A-11W-A062-09	37.4235710275254	0.812687133063246	0	0	0	0	0	0	0	0	0	0	0.971826458683258	0	0	0	1.85088864610524	0	0	0	0	2.37174568618094	0	6.15956900140195	0	0	0	0	9.67497518465193	0
TCGA-B5-A0K6-01A-11W-A062-09	30.3145792328551	0	0	0.269477646589813	0	242.926492437028	0	0	0	4.31800363942585	0	0	0	0	0	0	0	0	0	4.25159664172669	0	4.48708176991947	0	8.97903706748531	0	0	0	0	14.6706878474683	22.3083141145034
TCGA-B5-A0K7-01A-11W-A10C-09	31.5143038631519	1.31699924625323	0	0	0	0	0	0	0	0	0	0	0	0	0.715251873004673	0	0	6.60660874266442	0	0	0	0	0	0	0	0	0	2.19021666274506	1.73992987178262	5.50383571395487
TCGA-B5-A0K8-01A-11D-A14K-09	11.5230511545262	1.34521654751417	2.31034239518276	3.69477024171844	0	0	0	0	0	4.33116955687486	2.68410612781707	0	7.9569236501383	0	1.49789896265134	0	0	0.796527819990435	0	0	0.419680050722205	3.47684911973494	0	3.08477376609463	5.32750615627312	0	0	0	0	0
TCGA-B5-A0K9-01A-21D-A10O-09	230.998230699007	0	0	0	0	362.870284562146	0	0	0	7.05723047555287	0	0	2.34982468226517	0	83.4760610351756	0	2.51644135019565	0	0	0	0	2.13542482178732	0	0	0	0	0	0	0	0
TCGA-B5-A0KB-01B-11D-A14G-09	28.5215982357849	0	7.58225134882126	4.08016910743835	0	0	0	0	0	0	0	0	1.33123333494323	0	0	0	0	0	0	0	0	0	0	5.26757712031721	0	0	0	0	0	0
TCGA-B5-A11G-01A-13D-A122-09	42.7891336265786	0	0	0	0	57.8606331609148	0	0	0	0	0	181.313550608219	0	0	104.368116073509	0	16.2547362764098	0	0	0	0	3.50662991297482	0	0	0	51.2422156801618	4.111573239472	2.03560712362032	0	0
TCGA-B5-A11I-01A-11D-A10M-09	10.4573561369213	0	4.43125181303803	0	0	8.72466385804357	0.776800034667905	0	0.937204711797425	6.49038603808007	0	0	4.8181508876445	0	6.64556625834526	0	0	6.80337930236711	0	0	0	0	0	0	0	0	0	0	0	0
TCGA-B5-A11L-01B-21D-A13L-09	75.3812386694735	0	0.262601386648822	0	0	19.0645703512887	0	0	2.94986984123502	0	0	0	4.8129384193561	0	0	0	0	5.20598595804357	0	0	0	1.18420459992259	0	0	0	0	0	4.80990699885602	0	0
TCGA-B5-A11M-01A-11D-A122-09	23.1533984665152	0.15745854009185	0	0	0	5.43828779110028	0	0	0	4.06341087070567	0	0	0	0	0.964230751452067	0	0	0	0	0	0	0	0	1.20477487172535	0	0	0	0	1.16016143384061	0
TCGA-B5-A11O-01A-11D-A122-09	21.4133064640196	0	0	0	0	51.716923676424	2.44262414806938	0	0	1.4503132357341	0	2.80240538311447	0	0	18.6229784955849	0	0	0.957234814640242	0	0	0	0	0	8.94955047414763	0	0	0	0	0	0
TCGA-B5-A11Q-01A-11D-A122-09	9.26267616965267	0	0	0	0	21.0088186563323	3.19868773319471	0	0	0.0766589832311349	0	0	2.5518042603344	0	5.57973778115759	0	4.10582271644015	2.3579499223385	0	0	0	0	0	2.80453423338505	0	0	0	0	0	0
TCGA-B5-A11R-01A-11D-A122-09	54.3397826126688	226.191423774662	0	0	0	36.9022295436887	61.129897133041	0	0	12.2974257938966	0	0	346.420620828567	0	0	0	0	0	0	0	0	0	0	0	0	0	0	0	0	0
TCGA-B5-A11S-01A-11D-A122-09	27.2642619024071	0	0	0	0	7.84374181118993	1.81341941783813	0	0	3.70122074695846	0	0	0	0	0	0	0	0	0	0	0	2.31275950479125	2.80872771652941	5.56086846545243	0	0	0	0	0	0
TCGA-B5-A11U-01A-11D-A122-09	59.4799633969343	5.61772464158138	0	0	0	203.76838236035	4.79784569117985	0	0	6.78106595594924	0	0	0	13.0433723176559	0	0	0	0	0	0	0	0.35502046733232	0	2.12447671452453	0	0	0	0	0	0
TCGA-B5-A11V-01A-11D-A10M-09	41.9939299275492	1.16601293716708	0	0	0	0	0	0	0	0.48419310221448	0	0	0	0	0	0	0.750463394775329	0	0	0	0	1.23905233907735	0	0.816054358708155	0	0	0	2.38063364736873	10.6049703759825	0
TCGA-B5-A11W-01A-12D-A122-09	69.647873864547	0	0	0	0	0	0	0	0	0	0	0	0.530959122296094	0	0	0	0	0	0	0	0	0	0	0	0	0	1.22668938529663	0.435538269049211	2.55363663944036	0
TCGA-B5-A11X-01A-11D-A10M-09	29.494811962819	0	0	0	0	0	5.91654378406088	0	0	0	0	0	1.16979015397938	0	0.739160896319322	0.220473755913332	2.041198473563	5.29562719543168	0	0	0	0	0	0	0	0	0	0	14.5958380089386	0
TCGA-B5-A11Z-01A-11D-A10M-09	47.4696049161908	2.39691767421771	0	0	0	0.910824549912343	1.41998971694428	0	0	0	0	0	0	0	0	0	0	0	0	0	0	1.64773428142306	0	6.5417125588838	0	0	0	0	0	0
TCGA-B5-A121-01A-31D-A122-09	7.96089754140302	0	4.53457129192582	0	0	0	6.45737415154308	0	0	5.99398910113917	0	0	2.08780390366404	0	0	0	0	1.03847979914612	0	0	0	0	0	0	0	0	0	3.2338199816359	0	0
TCGA-B5-A1MS-01B-11D-A228-09	24.0114623639162	0	4.17800991978126	0	0	0	0.915543983072131	0.702578881492242	0	3.41804041282928	0	0	2.49974487154408	6.20871802535687	8.66352367490761	0	0	1.41311174774952	0	0	0	0.634147454793267	0	0	0	0	0	0	0	0
TCGA-B5-A1MU-01A-11D-A13L-09	14.3379232795859	0	0	16.653281066175	0	0	0	0	0	1.87624859581476	0	0	0	0	0	0	0	0	0	2.06339308649527	0	0	0	0	0	0	0	0	0	3.40434063109071
TCGA-B5-A1MV-01A-31D-A14G-09	50.5867235148171	1.27997339096862	0	0	0	0	0.283731340848847	0	0	0	0	0	1.03587881188526	8.38633061439288	8.47787069906538	0	0	0	0	0	0	0	2.73693233268302	3.73796612240964	0	0	0	0	1.45172756764249	0.81411342783891
TCGA-B5-A1MW-01A-11D-A17D-09	0	0	0	0	0	89.1630116013025	0	0	0	0	0	237.996466707295	0	0	79.754211060025	0	10.7892458074995	0	0	0	0	5.36717255944161	0	0	0	201.000352685722	0	22.4720511558175	0	0
TCGA-B5-A1MY-01A-11D-A142-09	9.60300252702099	0	2.13952978158154	0	0	0	2.31059648340121	0.0757860694435527	0	0	1.4543784951479	0	9.2135228634863	0	11.7103967388301	0	0	4.92585602993795	0	0	0.0494548612338139	0	0	0	0	0	0	0	5.14294297676802	0
TCGA-B5-A1MZ-01A-11D-A142-09	45.9800239377789	0.398021550869999	0	0	0	0	6.62998938566985	0	0	2.57802190334338	0	0	2.35544558382268	0	0	0	0	0	0	0	0	1.39881439039715	0	0	0	0	0	0	0	0
TCGA-B5-A1N2-01A-21D-A142-09	0	7.6072998978811	83.5148544820506	0	0	3.94149094577342	7.26131217198901	0	0	5.659758910469	0	0	7.24524616415879	1.73033689917526	19.7795747613968	0	0	14.2119099211761	0	0	0	5.11047511086994	0	0	0	0	0	0	0	0
TCGA-B5-A3F9-01A-21D-A228-09	33.920093412704	4.46353477850079	0	0	0	0	0	0	0	0	0	0	0	0	26.6611747807546	1.28456881130041	0	0	0	0	0	0	0	0	0	0	0	0	5.43587825202401	0
TCGA-B5-A3FB-01A-11D-A19Y-09	43.8542552918098	0	0	0	0	0.40321797048298	0	0	0	3.51574178908611	0	0	1.1497663630572	0	0	0	0	0	0	4.83479238637164	0	4.16568611239839	0	0	0	0	0	0	0	0
TCGA-B5-A3FD-01A-11D-A19Y-09	17.7344208731308	0	0	0	0	16.9511684661352	0	8.68655366166612	0	0	0	0	0	0	3.47773332197097	0	0	0.326068006685197	0	0	0	0	0	0	0	0	0.114170655228479	0	0	0
TCGA-B5-A3FH-01A-11D-A19Y-09	22.446360161025	0	0	0	0	0	0	0	0	0.981077347941783	0	0	0	0	0	0	5.96493345457808	0	0	7.20591283672626	0.127016248939378	0	0	4.57757852964146	0	0	0	0	0	0
TCGA-B5-A3S1-01A-11D-A228-09	20.8199366610894	15.5777250438581	0	0	0	20.3919441788278	5.91573663267307	0	0	11.356008847172	0	0	29.6115018986226	0	3.15497104404352	0	0	0	0	0	0	3.49065196747457	0	2.19096052382464	0	0	0.0711408247865709	0	0	0
TCGA-BG-A0LW-01A-11W-A062-09	25.7427083959916	0	0	0	0	0	0	0.826302662910027	0	0	0	0	2.48618496117576	0	0	0	0	0	0	0	0	0	0	0	0	0	0.0407309710465673	0	0	0
TCGA-BG-A0LX-01A-11W-A062-09	79.7336143995087	2.40421193054718	0	0	0	185.899632195061	0	0	0	2.02108230332617	0	28.0361144511538	0	0	74.2393913636364	5.70096233157976	0	0	0	12.0094006466478	0	0	0	0	0	8.15299005764567	0	0	0	0
TCGA-BG-A0M0-01A-11W-A10C-09	35.3736814852665	4.36750452771502	0.942113787721767	0	0	64.1052658283964	0	0	0	5.66557024164667	0	0	0	0	4.15682025808865	0	0	0	0	0	0	0.0401357698135493	0	0	1.8337968600999	0	0	0	0	0
TCGA-BG-A0M2-01A-11D-A10O-09	13.7893026487665	1.81939067776891	8.94293133774877	0	0	0	0	0	0	0.0737897643261642	0	0	0.146927463849929	0	0	0	0.40832016209027	0	0	0	0	0	0	0	0	0	0.167894032122144	0	0	0
TCGA-BG-A0M3-01A-11W-A10C-09	44.9500283182372	4.53081507127205	0	0	0	0	0	0	0	10.1422938440332	0	0	0.327778100300959	0	0	0	0	0	0	0	0	0	0	0	0	0	0	0	0	0
TCGA-BG-A0M4-01A-11W-A10C-09	101.003058529788	0	0	0	0	191.476835584879	0	0	0	5.19943145412447	0	0	0	0	0	0	3.25080324279887	0	0	143.012457866509	0	0	0	0	0	138.748552663463	0	0	0	0
TCGA-BG-A0M6-01A-31D-A10B-09	3.71257333251404	0.656826514417063	2.08751754748909	0	0	0	3.24394821830221	0.0195010867380549	0	0	0	0	0	0	15.1175436404837	0	2.82457648059137	0.44037486393042	0	0	0	0	0	0	0	0	1.16158408875367	2.48907645124168	5.90235899684217	0
TCGA-BG-A0M7-01A-11W-A062-09	76.7883908398952	0	0	0	0	0	0	0	0	0	0	0	0.639752170881749	0	0	0	0	0.436116517660294	0	0	0	0	0	0	0	0	0	0	0	0
TCGA-BG-A0M8-01A-12D-A10B-09	16.6567658637986	0	26.9335540116711	6.76149070504297	0	0	0	0	0	0	0	0	6.50190486502883	0	9.34365060786154	0	0	2.03790871187556	0	4.15862606182587	0	0.162150031425734	0	2.12301204834182	0	0	1.58590958242361	0	0	0
TCGA-BG-A0M9-01A-21W-A10C-09	54.583523724616	1.73145987938153	0	0	0	0	0	0	0	0	0.260264212303032	0	0	0	0	0	2.23373221965735	0	0	0	0	1.83103367504653	0	0	0	0	0	0	4.70169296160318	0
TCGA-BG-A0MA-01A-11D-A17D-09	27.2910452494785	1.38512724031256	0	0	0	0	0	0	0	3.36758381640941	0	2.78190105930888	0	0	0	0	0	0	0	0	0	0	0	14.065962729308	0	1.71560667134071	0	0	0	0.177251657245567
TCGA-BG-A0MC-01A-21W-A062-09	17.9804192813311	0	0	0	0	22.8934594411238	0	0	0	0	0	0	1.14714930031606	0	0	0.839358294551798	0	0.0933474314267587	0	0	5.05235259462662	0.202796261686399	0	2.54395500248237	0	0	0	0	0	0
TCGA-BG-A0MG-01A-21D-A10B-09	61.7511556945512	2.71214155194232	4.19932574094554	0	0	1.55429443145225	0	0	0	10.854744035691	0	0	1.32167644764748	0	0	0	0	0	0	7.27656318894725	5.76239723887133	0	0	4.69086242937691	0	0	0	1.42819315315187	0	0
TCGA-BG-A0MI-01A-11W-A062-09	42.3605532275942	0.765636878698257	0	0	0	0	0	0	0	4.96091743254426	0	0	1.37428141080503	0	0	0	0	0	0	0	0	0.493200724465053	0	0	0	0	0	0	0	0
TCGA-BG-A0MO-01A-11W-A062-09	19.0511629906972	0	5.63020567365044	0	0	2.53177913303464	0	0	0	0	0	0.142648230502993	5.61965821308475	0	0	0	3.3684899185453	0	0	0	0	0	0	6.07665891692869	0	0	0	0	1.54056934563648	0
TCGA-BG-A0MQ-01A-11D-A10B-09	119.555021980486	0	0	0	0	230.581870199767	0	0	0	0	0	0	0	0	0	0	0.766749292334809	0	0	61.8690941636386	61.237970325943	17.6164486748694	0	7.29381569666131	0	0	0	0	0	0
TCGA-BG-A0MS-01A-11D-A10B-09	33.5192835143031	0	0	0	0	0	2.20132953725877	0	0	1.55283731983554	0	0	0	0	10.3788414307158	0	0	0	0	0	0	0.0524454046121473	0	0	0	0	0	0	0	0
TCGA-BG-A0MT-01A-11D-A10B-09	18.0160758532802	2.60312033737726	0	0	0	5.38466626628639	0	0	0	3.14723153614471	0	0	1.01578511355641	0	0	0	0	0	0	1.01215530735258	0	0	0.931053650969065	0	0	0	0	0	0	0
TCGA-BG-A0MU-01A-11D-A10B-09	31.2426553361872	0	11.567046126375	0	0	0	3.55777967852884	0	0	1.73761138885025	0	0	0	0	8.40097232213378	0	0	0	0	0	1.13294989535745	0	0	0	0	0	0	0	0.185035093963946	0
TCGA-BG-A0RY-01A-11D-A10B-09	32.8122750398536	0.731406586056249	0	0	0	0	0.447305743940721	0	0	0	0	0	2.69018967575828	0	0	2.36965913887173	0.711748951864562	0	0	3.46701891983276	0	0	0	0	0	0	0	1.53424978156973	1.55474194548673	0
TCGA-BG-A0VT-01A-11D-A10M-09	7.97201441993531	0	0	0	0	10.5427887459378	5.85385459301682	0	0	0	2.16857943219968	0	2.45706628421169	0	0.368986649761086	0	0	0	0	0	0	0	0	1.87978084224557	0	0	0	0	0	0
TCGA-BG-A0VV-01A-21D-A122-09	43.7212476044576	0	0	0	0	0	0	0	0	0	0	0	0.444604248277187	0	0	0	1.09909578485728	0	0	0	0	7.05960850237241	0	0	0	0	0	1.57281846381827	2.99583151156847	0
TCGA-BG-A0VW-01A-11D-A122-09	69.1641908503604	0	22.3583684968764	0	0	303.370781452969	1.67994961300884	0	0	11.5508278562376	0	0	0	0	0	0	0	0	0	0.382555757978315	0	0	0	2.33046903225708	0	0	0	0	0	4.42965226273566
TCGA-BG-A0VX-01A-11D-A122-09	27.0700961251796	0	0	0	0	20.4159254542915	0	0	0	115.492086007797	0	0	0.831881061238646	0	65.3552310538772	0	0	0	0	0	0	0	0	0	0	0	0	0	0	0
TCGA-BG-A0VZ-01A-11D-A10G-09	113.840165848809	0	0	0	0	92.1867270497279	0	0	0	11.9919922043074	0	0	1.80419380962524	0	41.555019995751	0	2.41970248987216	0	0	26.2644368149224	0	0	0	0	0	0	0	0	0	0
TCGA-BG-A0W1-01A-12D-A10G-09	38.7165548011681	0.851917487667292	0.726354945557483	0	0	0	0	0	0	1.05240117734532	0	0	0	0	11.2795667512728	0	0	0	0	0	0	1.15608371875981	0	0	0	0	0	0	0	0.178480387929399
TCGA-BG-A0W2-01A-11D-A117-09	27.3095029297195	1.92599563886047	0	0	0	0	0	0	0	5.28216433616513	0	0	0	0	0	0	1.68708832893623	0	0	0	0	0	0	0	0	0	0	0	0	0
TCGA-BG-A0YU-01A-21D-A10M-09	14.1330149827673	0.332282466131011	0	0	0	0	1.75261540890577	0	0	0	0	0	0	0	8.54422037723771	0	1.70780291375043	0	0	0	0	0	0	0	0	0	0	0	0	0
TCGA-BG-A0YV-01A-11D-A10M-09	69.3268838097662	0	0	0	0	0	0	0	0	0.676202483538539	0	0	2.01437475886023	0	0	0	0	0	0	7.62513143902744	0	0	0	0	0	0	0	0.370275034436976	0	0
TCGA-BG-A186-01A-11D-A12J-09	13.1361496159378	0.583155689035466	0	0	0	12.719628965955	0	0	0	0	0	0	0	0	2.01441605948949	0	0	0	0	0	0	0.365705192608111	0	0.15780280930512	0	0	0.474887477000302	2.07671512715463	0	0
TCGA-BG-A187-01A-11D-A12J-09	71.9013828483578	0	0	3.08329634275992	0	0	0	0	0	0	0	0	0.040805834169219	0	0	0	0	2.61070796975779	0	0	1.30130821122314	2.94005127675282	2.51781878166052	0	0	0	0	0	1.78904393460447	0
TCGA-BG-A18A-01A-21D-A12J-09	51.9684536360861	0	0	0	0	0	0.103940494760497	0	0	0	0	0	0.867601216893594	0	0	0	0.280660154680221	3.31950860361526	0	0	0	2.0559088181038	0	0	0	0	0	0	0	0
TCGA-BG-A18B-01A-11D-A12J-09	96.5994234532527	1.03311364631713	0	0	0	158.936473315479	0	0	0	0	0	0	2.20273430825484	29.8825144193964	0	0	0	0	0	40.1741740377365	0	0	0	0	0	0	0.252139387744146	0	0	0
TCGA-BG-A18C-01A-11D-A12J-09	26.2163633464264	0	0	0	0	0.228206989038891	0	5.71553597701459	0	0	0	0	5.24397703837624	0	0	0	2.86862624149744	4.13911835600708	0	0	3.24030164793493	0.0530715267325647	0	0	0	0	1.32283196036514	0	0	0
TCGA-BG-A2AE-01A-11D-A16D-09	30.4007387948943	1.32557628087066	0	0	0	12.5310034804602	0	0	0	0	0	0	1.50985821293339	0	0	0	3.72560770742641	0	0	0	0.628799459317528	0.125389188093155	0	0	0	0	0.634359221111481	0	1.92867813098326	0
TCGA-BG-A3EW-01A-11D-A228-09	0	0	0	0	0	310.526299783974	4.03179597516173	11.854609248021	0	20.8973560882058	0	0.0326013894544036	0	0	43.9331133215357	0	0	0	0	0	0	3.89321876181899	0	0	0	35.6808294209462	0.606035662804463	0	22.7800516466516	0
TCGA-BK-A0C9-01A-11W-A027-09	107.439146466468	56.3772117777737	14.4353430748796	0	0	145.405656687448	17.0677284217529	0	0	0	2.08821455780179	10.832257903021	72.1363862614564	14.7425759420877	23.8626882474726	26.0416558125772	0	0	10.7272680001331	61.2153481804135	0	1.35236608535809	0	0	0	0	1.19707916477014	0	0	0
TCGA-BK-A0CB-01A-32D-A10B-09	20.0205618903275	0	0	0	0	14.7242085415818	1.76908023030752	0.333553117519752	0	0	0	0	0	0	0	0	0	11.9595324805988	0	0	1.73315976210104	0.809631320192541	0.860950148420166	0	0	0	0	0	0	0
TCGA-BK-A0CC-01A-21D-A272-09	7.89568736971138	4.01423722980128	0	3.5250234034954	0	7.98470418083711	3.20751331252924	0	0	5.32381924117284	0	0	4.70709370536473	0	11.7125029178269	0	2.26456681478583	0	0	0	0	1.16908145031973	0	3.61662028692469	0	0	0	0	0	0
TCGA-BK-A139-01A-11D-A272-09	36.4461403476765	0	10.0197199285335	20.4103042681612	0	21.1749050818974	11.9919469341133	16.4842830835461	0	5.33069331265913	0	0	5.38267211094573	0	0	0	0.662902960746927	8.11028846518876	0	0	0	2.39823815870378	0	0	0	0	0	10.2582281177821	5.13811875962027	0
TCGA-BK-A13B-01A-51D-A228-09	61.2627584944082	0	0	0	0	387.386227350203	0	0	0	2.27038083544092	0	0	0.292114844132248	0	26.950451434272	0	0	0	0	135.97031666332	17.5398662906789	0	10.4821090412233	0	0	0	0	0	0	0
TCGA-BK-A13C-01A-11D-A122-09	38.0494465549307	0	0	0	0	0	0	0	0	0.0178906181310723	0	0	0	0	0	0	0	7.91576125760035	0	0	0	0	0	0	0	0	0	0	0.399403189964882	0
TCGA-BK-A26L-01A-11D-A272-09	19.7290411224128	0	3.83761071558922	0	0	38.4602071836544	0	0	0	0	0	0	1.5332912880254	0	0	0	0	0	0	0	0	2.27893196603585	0	12.4832590143757	0	0	0	7.7871081469934	0	0
TCGA-BK-A4ZD-01A-11D-A27P-09	58.8078139711771	0.583046403989115	13.8937603003166	0	0	0	0	6.42588575859642	0	0	0.0464344649443714	0	0	0	0	0	0	0	0	0	0	3.61922160942585	0	0	0	0	0	5.64300115770944	0	0
TCGA-BK-A56F-01A-32D-A27P-09	44.8847588110274	0	0	0	0	0	0	0	0	5.6694294500406	0	0	0.863820898751219	0	0	0	0	0	0	6.32585949930855	1.3662168405182	0	0	0	0	0	0	0	0	0
TCGA-BK-A6W4-01A-12D-A34Q-09	19.2834775215709	0.100928879028949	0	0	0	0	0	0	0	9.39733451897292	0	0	0	0	0	0	0	0	0	0	0	0.674898148779266	0	2.92397968343831	0	0	0	0	0	0
TCGA-BS-A0T9-01A-11D-A12J-09	32.8899629086535	0	5.18211436343366	0	0	6.44818402858843	0	0	0	0	0	0	0	0	0	0	0	1.9708199355962	0.161235037771441	0	0	2.74071710206186	3.93924987340051	0	0	0	0	0	5.19044883849627	0
TCGA-BS-A0TA-01A-11D-A10B-09	0	0.636391572071538	0	18.8666788737246	0	266.05609642372	0	0	0	11.5700242604269	0	0	1.27169679794033	2.9148838902667	58.1761533352319	0	0	0	0	0	0	0	0	0	0	57.4338281816236	0	0	0	0
TCGA-BS-A0TD-01A-11D-A10B-09	23.7687832659409	0	0	0	0	0	0	0.749370247018295	0	0.810553874219598	0	0	0.791474951453495	0	1.59041440391615	7.79377301628106	0.206626874988607	0	0	0	0	0	0	0	0	0.160320209923233	0	0	0	0
TCGA-BS-A0TE-01A-11D-A10B-09	0	9.34668483499265	0	21.9403480257243	0	152.708146730531	5.90437768530371	20.6398200112432	0	0.0107706474004928	0	15.9165303325203	1.44186607595789	7.49458691376998	42.5743720474834	0	0	8.65787780090756	0	0	0	0	0	0	0	0	1.5574523393284	0	0	0
TCGA-BS-A0TG-01A-32D-A10B-09	20.6554259882519	3.11141155657283	0	0	0	0	0	0	0	0	0	0	0.613378861736507	0	10.8257605170511	0	0	5.00233213028951	0	0	0	0	0	0	0	0	0	0	0	0
TCGA-BS-A0TI-01A-11D-A10B-09	4.48673427969363	0	21.0089989153389	4.45459434507133	0	0	0	0	0	0	0	7.53519474191032	0	0	0	0	1.55086504237587	7.97944929254875	7.69724331936868	4.36579271444723	0.506617263683307	0	0	0	22.2649435057041	0	0	0	2.08789362109629	0
TCGA-BS-A0TJ-01A-11D-A10B-09	61.3546514929215	0	0	0	0	520.208811372246	0	0	0	0	0	0	0.0565984852685139	52.1883823771772	0	0	0	0	0	0	0	2.14972430133284	0	0	0	0	0	0	0	0
TCGA-BS-A0U5-01A-11D-A10G-09	40.5511422604335	0	0	0	0	5.21312084960976	1.10700715354932	0	0	4.52529794162868	0	0	2.42521803277466	0	0	0	0	0	0	0	3.90509195465815	0	0	0	0	0	0	0	3.94274385767695	0
TCGA-BS-A0U7-01A-21D-A10B-09	51.5076058813633	3.11983243692962	0	20.9000746337452	0	60.5271597389288	1.81517370468036	0	0	0	0	0	0	0	0	0	0	0	0	37.1589173310364	1.78104402442875	1.41980906135852	0	0	0	0	0	0	0	0
TCGA-BS-A0U8-01A-11D-A10B-09	50.7768471828249	0	0	0	0	272.322870726245	0	0	0	0	0	0	0	0	17.9679350781021	0	0	0	0	0	0	1.18396683861935	0	0	0	10.6005611886833	0	0	0	0
TCGA-BS-A0U9-01B-21D-A10M-09	21.3541072679451	0	0	5.2195597498949	0	0	3.61835701119146	0	0	0	0	0	0	0	0	0	0	0	0	0	1.3794787187492	0	0	4.1430000443321	0	0	0	0	1.9764528491258	0
TCGA-BS-A0UA-01A-11D-A122-09	70.8374538900495	6.76719776006922	0	0	0	226.584879599082	0	0	0	0	0	0	0.0742209728111452	0	0	0	0	0	0	0	0	0	0	0	0	0	1.33829757143052	0	0	0
TCGA-BS-A0UL-01A-11D-A10G-09	174.572301430084	0	0	0	0	234.613829684664	0	0	0	0	0	0	0	0	0	0	0	0	0	0	0	0.789344748100828	0	0	0	0	0	0	0	0
TCGA-BS-A0UM-01A-11W-A10C-09	183.094561055842	0	0	0	0	168.01049653108	0	0	0	0	0	0	3.12506818762334	42.5433097587703	17.5144401866903	0	0	0	0	0	0	1.73502143593391	0	0	0	0.111915731862259	0.20421258274613	0	0	0
TCGA-BS-A0UT-01A-11D-A10B-09	15.5474856334071	0.201722750533471	0.517150766590713	0	0	1.04001461976556	0.0643200619634639	0	0	0.140051159116791	0	2.59961719417849	1.64571625177216	0	0	2.40123983096298	0	0.995363559670042	0	0	0	0	0	6.5779954567567	0	0.668819068629974	0	0.0806044289737181	0	0
TCGA-BS-A0V4-01A-11D-A14G-09	75.1179321396811	0	0	22.918682622022	0	169.646889906292	0	0	0	0	0	1.2689021942335	2.2050128665726	0	36.8123168827827	0	0	2.29666366724282	0	0	0	0	0	0	0	0	0	0	0	0
TCGA-BS-A0V6-01A-11D-A122-09	21.8729494940985	2.94439504523069	2.40272237057228	0	0	0	0	0	0	1.58940505720263	0	0	0	0	16.0173406572037	4.8436391584146	0	0	0	0	0	0	0	0	0	0	0	0	5.71417744250559	0
TCGA-BS-A0V7-01A-21D-A122-09	20.9714559094642	0	0	0	0	9.25482561169165	2.18670768541261	4.74517009844172	2.94478776771299	1.81315982479658	0.674454328377197	0	1.46259321787439	0	7.7788369572094	4.62023499132666	0	2.68861039319811	0	0	0	1.22372387607812	0	0.480023582136331	0	0	0	0.084536677828989	0	0
TCGA-BS-A0V8-01A-11D-A122-09	12.6353739036662	4.02449237767063	27.8381148603099	0	0	13.8974353295646	0	0	0	4.37855299525063	0	0	6.15030423363954	0	0	1.34206057115291	0	0	0	0	0	0	0	0	0	3.32521245347188	0	0	1.76986448898938	0
TCGA-BS-A0VI-01A-11D-A14G-09	99.032792219678	0	0	22.5414525848577	0	127.357047478133	0	0	0	0.698750355302035	0	0	0	0	67.4994680613054	0	0	2.14506187848265	0	0	0	0	0	0	0	0	0	0	11.8268607206035	0
TCGA-BS-A0WQ-01A-21D-A10G-09	12.1165106482405	0.816177114541329	0	0	0	19.8495889086112	2.46454547877693	0	0	0	0	0	1.0496939340534	0	1.25185061839629	0	0	5.19077462057328	0	0	0	0.056764275444884	0	1.48140369648724	0	0	0.54453708511736	0	0	0
TCGA-D1-A0ZN-01A-11D-A122-09	15.2086487740961	0	0	0	0	0	0.343569806412559	0	0	0	0	0	0.98400779959239	0	0	4.49773179908427	3.15600740214047	0	0	0	0	4.94903487089231	0.0604753513326807	0.557265020277505	0	0	0	0	10.2213773154454	0
TCGA-D1-A0ZO-01A-11D-A122-09	136.490651356471	0	0	0	0	368.769304423263	0	0	0	0.627230763120811	0	0	0	0	0	0	0	0	0	0	0	1.83814980384092	0	0	0	0	1.25979374592958	0	3.13178858694382	0
TCGA-D1-A0ZP-01A-21D-A10M-09	21.6871939745489	0	0	0	0	0	1.52746793938414	0	0	0.385606745171879	0	0	1.37035417494774	0	2.62813103666552	0	0	5.99444724856619	0	0	0	0	0	0	0	0	0	0	0	0
TCGA-D1-A0ZQ-01A-11D-A122-09	40.1876409531546	1.41827062489662	0	0	0	0	4.57516652801211	0	0	4.43528428969811	0	0	0.835443776072759	0	8.26717597382283	0	2.09524894763147	0	0	0	0	0	0	0	0	0	0	0	17.3448399937256	0
TCGA-D1-A0ZR-01A-21D-A10M-09	22.3487313807119	0.157854060637682	0	0	0	0	4.48910302162854	0	0	9.03732125029999	0	0	0	0	10.2332112631361	0	0	0	0	0	0	0.0203206344009855	0	0.122932975887066	0	0	0	0	0	0
TCGA-D1-A0ZS-01A-11D-A122-09	86.9778105591139	0	0	0	0	252.536418923457	0	0	0	0	0	0	0	0	11.7691960602409	0	0	0	0	0	0	0	0	0	0	0	0	0	0	0
TCGA-D1-A0ZU-01A-11D-A10M-09	30.097683167629	2.94440382974665	0	0	0	2.27762154148196	1.19797757237786	0	0	0	0	0	0	0	0	0	0	0	0	0	0	0	0	0	0	0	0	0	0	0
TCGA-D1-A0ZV-01A-11D-A10M-09	27.2651367498852	0	0	0	0	9.00671975635189	2.5615520507775	0	0	2.03743779492891	0	0	1.07201620146339	2.23834512123219	0	0	0	0.970322240432234	1.70521078812028	0	0	0	0	0	0	0	0	0	0	0
TCGA-D1-A0ZZ-01A-11D-A10M-09	25.9694998036426	0	0	0.863630695297612	0	0	2.89005362532713	7.66422105987587	0	1.71463755985297	0	0	9.302199056935	0	11.8654492628364	0	0.139450047609262	0	0	0	0	0.770183205053082	0	0	0	0	0	0	0	0
TCGA-D1-A101-01A-12D-A10M-09	17.696423434898	1.99913405344626	0	5.77002492907031	0	339.168079101547	0	0	0	6.57718403988968	0	0	6.70326319007047	0	13.6454501011894	0	0	0	0	0	0	0	0	0	0	0	0	0	0	4.46321487201108
TCGA-D1-A102-01A-11D-A10M-09	38.6265805194419	0	0	0	0	0	0	0	0	0	0	0	0	0	0	0	0	3.06642383991288	0	0	0	0	0	0	0	0	0	0	4.57246706521255	0
TCGA-D1-A15V-01A-11D-A122-09	22.8466658379441	0.266426097437668	0	0	0	0	3.43530102077252	0	0	2.81890056689008	0	0	0	0	6.78306156644426	3.06110425729041	0	0.678653267932211	0	0	0	0.316190541740274	0	0	0	1.54453822891354	0	0	4.19531328128469	0
TCGA-D1-A15W-01A-11D-A122-09	57.9399904896983	0	0	0	0	0	0	0	0	3.85128941410304	0	0	1.20664981317612	0	2.7860606402779	0	0	0.6082872181167	0	0	0	2.43225334231526	0	0	0	0	0	0	3.81801880407971	0
TCGA-D1-A15Z-01A-11D-A122-09	53.0232240494807	4.75919996208157	0	0	0	12.1480822496249	0	0	0	0	0	0	2.28348526693972	0	0	0	0	0	0	0	0	0	0	0	0	0	0	0.0300494616868846	5.39483097175733	0
TCGA-D1-A160-01A-11D-A122-09	0	0	0	0	0	183.801764714527	0	0	0	3.01222708239118	0	0	0.219102647734966	0	87.3311311203473	0	0	0	0	107.58445688879	47.9162160342025	0	0	0	0	0	0.108209277353928	5.22728627307212	0	19.1073318087631
TCGA-D1-A161-01A-11D-A122-09	53.4900050457299	0	0	0	0	28.061132115011	1.15463182175935	0	0	0	0	0	0	0	0	0	0	0	0	0	0	0	0	0	0	0	0	0	0	0
TCGA-D1-A163-01A-11D-A12J-09	134.984939377388	0	0	0	0	274.613843069037	0	0	0	0	0	0	0	0	0	0	0	0	0	50.100372055819	0	0	0	0	0	22.2432524272925	1.88233790971182	0	0	0
TCGA-D1-A165-01A-11D-A12J-09	29.4138422883989	0.132460935035837	0	0	0	22.8443946811169	0	0	0	0	0	0	2.9925652498187	0	7.01366987475567	0	0.779550784007694	0	0	0	0	0.625073247782531	0	0	0	0	1.67625611750274	0	0	0
TCGA-D1-A168-01A-31D-A12J-09	55.9439219367799	0.548467207332305	0	0	0	0	0	0	0	0	0	0	0	0	3.96366245106281	0	0	2.11339614116712	0	0	0	0.66584013979349	0	0	0	0	0	0	0	0
TCGA-D1-A169-01A-11D-A12J-09	33.9289517601814	2.17694654197848	5.37116684798649	0	0	0	0	0	0	0	0	0	3.49843951141629	0	2.58384340509896	0	0	0	0	0	0	0	0	2.39982820259207	0	0	0	0	0	0
TCGA-D1-A16B-01A-11D-A12J-09	20.9687633071894	2.98777916320167	1.33192546718798	0	0	0	0	0	0	4.49880596079577	0	0	0	0	9.55417874752828	0	0	0.200821651082077	0	0	0.85763453659598	0	0	0.225881855091852	0	0	0	0.299176513659131	3.76427409472719	0
TCGA-D1-A16D-01A-11D-A12J-09	23.6758957138784	0	0	0	0	12.6735979257902	0	0	0	0	0	0	0.584841343660831	0	0	0	0	2.86254965031207	0	0	0	0.0737243965759908	0	0	0	0	1.4378608065008	0	0	0
TCGA-D1-A16E-01A-22D-A12J-09	24.6741943595069	1.23495060491558	0	0	0	3.03825960423655	3.18068446332585	0	0	4.67049972961702	0	0	0.479605252142945	0	14.8057891474687	0	1.85521933455023	0	0	0	0	6.53297737770337	0	0	0	0	0	0	0	0
TCGA-D1-A16F-01A-11D-A12J-09	177.783490931699	0	0	0	0	205.808896817623	0	0	0	0	0	18.2164321920046	0	0	33.6471610622031	0	0	0	0	7.54881951890661	3.32757336430109	0	0	0	0	0	0	0	0	0
TCGA-D1-A16G-01A-31D-A12J-09	14.1310026158758	2.42618160941562	0	0	0	9.71778418290454	4.06064500235953	0	0	0	0	0	0.598662652329415	0	0	3.46897973545301	1.52177094279889	2.53620596414029	0	0	0	0	0	0	0	0	0.556270746872013	0	4.28376273853181	0
TCGA-D1-A16I-01A-11D-A12J-09	13.5063569936064	1.0714034204938	1.77009506625943	5.24131321758003	0	0	1.61524423756168	0	0	0.0229735962074414	2.85326858296794	0	4.48447792003094	0	0	0	0	0	0	0	0.97251854627798	0	0	0	0	0	0	2.42082421669923	0	0
TCGA-D1-A16J-01A-11D-A12J-09	67.9025407293667	80.3317867911907	0	0	0	0	23.7777361447051	0	0	20.8490871305628	0	0	56.2889439083025	0	0	0	0	0.700624227401049	0	0	0	0	0	3.77706037226054	0	0	0	0	0	0
TCGA-D1-A16N-01A-11D-A12J-09	23.5041362076656	0	0	0	0	42.4562207500611	0	12.1885063653285	0	0	0	0	2.73077551622031	0	9.57164567782768	0	0	0	0	0	9.32150816283053	0	0	0	0	12.9530296345281	0	3.58475944720516	1.64796113947532	0
TCGA-D1-A16O-01A-11D-A12J-09	15.9869069064907	0.522028693246967	0	0	0	12.9125252514054	0	0	0	0	0	0	0	0	0	0	0	0	0	0	0.97988255716538	0	0	4.10533251730314	0	0	0	0	0	0
TCGA-D1-A16Q-01A-12D-A12J-09	9.57241268581049	2.84500589258408	0	0	0	11.8748145962945	0	0	0	0	0	0	3.0051776352705	0	4.88381695461132	2.09733661020128	0	0	0	0	0	2.01020867487881	0	0.235189303453655	0	0	0	0	0	0
TCGA-D1-A16R-01A-11D-A12J-09	17.5759230205351	0	0	0	0	10.3804604472908	3.97902849630078	0	0	0	0	0.663651929308508	0.690118759905779	0	0	0	0	8.05802426696105	0	0	0	0	0	0	0	0.947482757304844	0	0	0	3.94217280043656
TCGA-D1-A16S-01A-11D-A12J-09	18.1324706063048	5.3421647916332	0	0	0	0	2.88657314298729	0	0	0	0	0	7.20664095322091	0	0	12.4862524211943	0	0	8.87176838835566	0	0	0	0	7.78301436358601	0	0	0	0	0	0
TCGA-D1-A16V-01A-11D-A12J-09	22.9179744814686	0	0	0	0	0	5.8153631454888	0	0	0	0	0	0	0	0	0	0	0	0	9.11319822171684	0	1.29293843083779	0	0	0	0	0	0	0	0
TCGA-D1-A174-01A-11D-A12J-09	304.122854500196	0	0	0	0	474.467457595637	0	0	0	0	0	0	0	0	0	0	0	0	0	0	0	0	0	0	0	0	0	0	0	0
TCGA-D1-A176-01A-11D-A12J-09	93.7423603923105	0	0	25.5671786379245	0	248.486417579445	2.78029283304224	0	0	7.54677515751654	0	0	0.43060447397123	0	0	0	0	0	0	0	9.7880863493236	0	0	0	0	0	1.04871232902575	0	0	0
TCGA-D1-A177-01A-21D-A12J-09	72.589813597891	0	0	0	0	500.024375370303	0	0	0	0	0	0	2.04505342852215	0	85.7862425611857	0	0	0	0	0	0	0.16895443233269	0	0	0	0	0	0	0	0
TCGA-D1-A17A-01A-11D-A12J-09	40.5023606415902	0	0	0	0	145.809739482249	0	0	0	0.818622264320077	0	0	0.13500171288787	0	21.6543311781274	0	0	0	0	0	0	0	0	0	0	15.6621041799457	0	2.50440256309067	0	0
TCGA-D1-A17B-01A-22D-A12J-09	143.983762382212	0.805151831514753	0	0	0	139.914001099174	0	0	0	0	0	0	0	5.45491771842187	0.931298914331872	0	0	0	0	0	0	0	0	0	0	0	0	0.132945750325331	0	0
TCGA-D1-A17C-01A-11D-A12J-09	26.846846822695	1.17933487299637	0	0	0	0	0.0577867228675697	0	0	4.32535600554474	0	0	0	0	14.0180291684855	0	0	0	0	0	0	1.13511088174668	0	0	0	0	1.72156198987848	0.629662444917117	0	0
TCGA-D1-A17D-01A-12D-A12J-09	75.4061110644246	0.291818433340611	0	0	0	284.55604387966	0	0	0	0	0	0	2.63098372574897	66.274865126108	0	0	0	0	0	0	0	7.83560063156589	0	0	0	0	0	0	0	0
TCGA-D1-A17F-01A-11D-A12J-09	53.4277144898877	0	0	0	0	70.6000586527382	0	0	0	2.03454514809044	0	0	1.57494689349256	0	0	0	0	0	0	15.3091474385153	5.78078199211437	0	0	0	0	0	0	0	0	112.879162941542
TCGA-D1-A17H-01A-11D-A12J-09	96.0537913931897	0	0	0	0	385.346982250012	16.1061318565705	0	0	6.47506634140742	0	0	0	0	0	0	0	0	0	30.7659929016058	17.457109061036	0	0	3.55754352786512	0	3.16199526795453	0.760693752705252	0	0	0
TCGA-D1-A17K-01A-11D-A12J-09	8.69814511193015	0	0	10.3437982419305	0	3.42461529081684	0	0	0	0.51750548100488	2.74972954164452	0	9.2506355799508	0	4.29980681052315	0	0	0	4.14084128675028	0	0	2.762885055623	1.27098942689348	0	0	0	0	8.27905371922565	0	0
TCGA-D1-A17L-01A-11D-A12J-09	18.9405469692761	1.37286631831664	0	0	0	29.1578062940437	0	0	0	3.80107705729872	0	0	2.86812197766172	0	0	0	0	5.68241748247441	0	0	0	0.973529253986031	0	0	0	0	0.674846701857651	0	1.50079430106613	0
TCGA-D1-A17M-01A-21D-A12J-09	157.510914764493	0	0	0	0	210.089843341371	0	0	0	0	0	0	1.04711712154089	0	61.6393053739849	0	0	0	0	0	0	0	0	0	0	0	0	0	0	0
TCGA-D1-A17N-01A-11D-A12J-09	16.0107993124983	0.0405896673443996	0	0	0	9.75632469064977	0	0	0	2.77465256729167	0	0	1.27747220061062	0.989971775874456	0	0	0	0	0	0	0	0	0	0	0	0	0	0	0	2.05448004524249
TCGA-D1-A17R-01A-11D-A12J-09	20.4126338849052	4.38158953163165	0	0	0	217.587590690807	0	0	0	6.10340934297996	0	0.787678736313186	0	0	0.840258907577211	0	0	0	0	0	11.0161625580517	0	0	0	0	0	1.19225185760911	0	0	0
TCGA-D1-A17S-01A-11D-A12J-09	24.4128786830774	0.804834768777925	0	6.39587661385086	0	10.3682962390782	0	0	0	1.4839517848713	0	0	1.15730349710308	0	6.26924677868644	0	0	0	0	0	0	1.47891804555879	0	0	0	0	0	0.197837978231189	0	0
TCGA-D1-A17T-01A-11D-A12J-09	48.3341064026232	0.507434368906795	0	0	0	19.9121709001077	0	0	0	4.26501385298716	0	0	3.91812730848829	0	0	0	0	0	0	0	0	0	0	0	0	0	0	0	0	0
TCGA-D1-A17U-01A-21D-A12J-09	95.8877491094914	0	0	0	0	210.999947986208	0	0	0	0	0	0	0	0	0	0	1.81775165698958	0	0	26.7073009516327	0	0	0	0	0	0	0	0	0	0
TCGA-D1-A1NS-01A-11D-A14G-09	54.4636701080727	0	0	0	0	191.361756034226	0	0	0	0	2.64910857795283	0	0.265061114792867	0	44.6537034064088	0	0	8.17048977200095	0	0	0	0	0	0	0	0	0.450556089869408	0	0	0
TCGA-D1-A1NU-01A-11D-A14G-09	11.8841925319099	0	16.5315478658567	0	0	5.54088918987845	2.52723298731027	0	0	0	0	5.58371381913467	14.4250285148525	0	3.45291069879263	0	2.35945517035602	3.36442916595416	0	0	1.93016439336657	3.99084906299335	0	0	0	0	0	0	9.69227762378794	0
TCGA-D1-A1NW-01A-11D-A14K-09	19.8577337443243	2.87987564225527	0	0	0	0	0	5.50740444103129	0.661681503568722	0	0	0	3.74379783254502	0	0	1.38048667396261	0	2.81449714363499	0	7.54845687129714	2.8068148564764	0	0	0	0	0	0	0	0	0
TCGA-D1-A1NX-01A-11D-A16D-09	19.4875372621586	0	10.3462288420683	0	0	0.235376244726456	0	0	0	1.62201114421162	2.30672521148091	0	0	0	0	0	0	0.0260232320104754	0	0	0	0	0	0	0	0	0	0	8.07410369532407	0
TCGA-D1-A1NY-01A-11D-A16D-09	0	0	0	0	0	395.795188495242	0	0	0	2.35202490476007	0	43.5681630701942	2.271531376325	0	81.8157785493487	0	0	5.32618904575666	0	0	0	1.93600401922559	0	0	0	6.56787566092664	0	0	1.26319067579849	0
TCGA-D1-A1O0-01A-11D-A17D-09	25.3088524038593	2.01956873974402	2.80029772725903	4.04352861773145	0	13.139900032471	8.08595093790954	0.726042969603387	0	0	0	0	0	0	8.11943155461625	0	0.474000756006385	0	0	0	0	0.889584553573914	0	0	0	0	0	0	0	0
TCGA-D1-A1O5-01A-11D-A14G-09	44.0173890814056	0	0	0	0	18.3637239912615	0	0	0	3.17136214680058	0	0	0.522700150973015	0	0	0	0	0	0	0	0	0	0	7.73500693605204	0	0	0	0	0	0
TCGA-D1-A1O7-01A-11D-A14G-09	158.113995006905	0	0	0	0	185.05032502862	0	0	0	10.492562991003	0	0	0	0	18.1923893149967	0	0	0	0	0	0	0	0	0	0	0	0	0	0	0
TCGA-D1-A1O8-01A-11D-A14G-09	40.294617581189	0.00747975590781243	0	6.17890980404611	0	0	0.411424594479113	0	0	1.13853558325722	0	0	0	0	17.3403952647115	0	0.734083438392393	5.80029234112062	0	0	0	0	0	2.3337563156913	0	0	0	0	0	0
TCGA-D1-A2G5-01A-11D-A17D-09	50.0176621637662	0	0	0	0	95.7855036224639	4.70694837114317	28.7251982927082	0	0	0	0	0	0	12.7300411802865	0	0	0	0	0	0	2.34810453806191	0	0.778494213962013	1.90875611934347	16.2189289952294	0	0	16.3107182181302	0
TCGA-D1-A2G6-01A-11D-A17D-09	67.7434203952992	0	0	0	0	1.89883202427853	0	0	0	6.34636681559649	0	0	0	0	15.232296215019	0	6.61690107528292	0	0	0	0	2.21785164277405	0	0	0	0	0	0	0	0
TCGA-D1-A2G7-01A-21D-A17W-09	14.7756261782498	0	10.7452334138057	6.36111512297754	2.0731066229423	0	0.331262833262561	0	0.37039299513718	2.48832883298036	1.36250220194906	0	4.03233279286288	0	0	0	0	0	0	0	0	0.534647735428202	0	11.1219612408543	0	0	0	0.7973473532288	0.284832335483127	0
TCGA-D1-A3DA-01A-12D-A20S-09	54.3180683185499	0	0	6.04971496035784	0	0	0	0	0	0.635873847561523	0	0	0	0	0	18.2992276629618	0	2.71162073553735	0	0	0	0	0	0	0	4.66063863441858	0	0	0.911978471658428	0
TCGA-D1-A3DG-01A-11D-A19Y-09	24.2409979039255	0	53.9073929558799	26.7664509565672	0	0	11.2036002298811	0	0	0	0	0	7.70000798033995	0	0	0	0	0	3.51034616565943	0	0	0	0	1.50694735038445	0	0	0	0	0	0
TCGA-D1-A3DH-01A-11D-A19Y-09	28.5080366702643	7.37463259862707	0	0	0	0	2.76508823857606	0	0	14.398058004847	0	0	57.6819039758769	0	0	0	1.56618354897013	0	0	0	5.46697207251417	2.33855404075983	0.0193063540525946	4.19763849692293	0	0	0	0	0	0
TCGA-D1-A3JP-01A-31D-A228-09	12.1402396393327	13.2115132159869	3.66014483385645	0	0	0	0	0	0	2.13797410138134	0	1.73140763786664	10.7848856645462	0	0	0	0	0	0	0.121040605834288	0	0.794575513288681	0	0	0	0	0	2.08970016609806	0	0
TCGA-D1-A3JQ-01A-11D-A228-09	6.69218426863755	0.237124156200307	0	0.324943736205118	0	8.88433300156924	0	0	0	2.13896004823551	0.302292593793467	1.6978229866283	2.93158032183993	0	2.02621331830705	0.0705448343779365	2.63187720193173	6.02048607971441	0	0	0	0.00821080126089181	0	2.86101392039054	0	0	0	0	0	1.99851964012407
TCGA-DF-A2L0-01A-11D-A17W-09	20.1410516817941	2.3399347268432	1.92084280871711	0	0	3.58496714736424	0	0	2.77105139027881	0	0	0	2.24673218462498	0	0	0	2.15392187800787	0	0.939830004747615	0	0	2.28361476711966	0	6.8783064773101	0	0	0	0	0	0
TCGA-DI-A0WH-01A-12D-A12J-09	0	0	0	3.94398524436447	0	314.371574014516	12.2256796441467	0	0	13.593780067441	0	0	0	0	31.4465023460326	0	0	0	0	11.3770988773096	48.5583256474962	5.34685883198976	0	0	0	62.6597805471869	3.01100062520873	0	0	0
TCGA-DI-A1BY-01A-21D-A135-09	28.7062768080505	0	0	0	0	15.5192377883059	3.50423617480342	0	0	0	3.09216841127258	0	0	0	13.085666654664	0	0	2.47262953979846	0	0	0	0	0	0	0	0	0	0	0.0108786456130278	0
TCGA-DI-A1NN-01A-11D-A16D-09	26.3100709914188	2.84395031935901	0	0	0	1.10622072039821	0.683698069372757	0	0	0.875305601100176	0	0	2.94505658610215	0	0	9.68067216472696	0	0	0	0	0	0	0	2.40136558976677	0	0	0	0	0	0
TCGA-DI-A1NO-01A-31D-A159-09	21.3802582990058	0	136.429275275913	51.2558202022191	0	1.25899092245074	3.8923809160872	0	0	0	0	0	19.1441807080852	15.2157372655928	0	0	9.49992766145031	12.434656684751	0	0	0	0	0	0	0	0	0	0	0	0
TCGA-DI-A2QT-01A-12D-A19Y-09	9.01542103468964	2.07730402051045	0	0	0	0	0	0	0	8.42370362669676	0	0	2.32242880411018	1.23824183877255	0	0	0	0	0	1.65932691206005	1.22184488102298	0	0	5.24789778207539	0	0	0	0	0	0
TCGA-DI-A2QU-01A-11D-A18P-09	46.7026305336805	0	0	0	0	0	2.05338734469453	0	0	2.79366577130353	0	0	5.93525006854975	0.00342413793684833	5.77742238188688	0	0	0	0	0	0	0.0639568686672136	0	5.8197527419063	0	0	0.100883750812939	3.30458566816864	0	0
TCGA-DI-A2QY-01A-12D-A19Y-09	23.0896754578538	0	44.2178369243389	0	0	15.3494049721498	2.47465944784883	0	0	1.03370846698921	0	0	7.3883316326823	0	6.05940927934174	0	0	1.59859685015102	0	0	0	0.406636273411831	3.24023841528083	0	0	0	1.49084236662289	0	13.1688641650672	0
TCGA-E6-A2P8-01A-11D-A19Y-09	87.1512083656252	0.690554488393885	0	0	0	336.403179629036	0	0	10.893419742051	0	0	61.5455250780874	0	0	49.9046146244606	0	0	0	0	0	0	7.42259136698442	0	0	0	18.6362410310946	0.768874844820755	2.10467155473484	0	0
TCGA-E6-A8L9-01A-21D-A37N-09	19.6741921740499	0	15.2164054923313	0	0	8.91953802864829	0	0	0	0	0	0	0	0	0	1.15409223049654	0	0	0	0	3.57958257138874	4.26735172838672	0	3.71969666036159	0	0	0	0	0	0
TCGA-EC-A1NJ-01A-31D-A14G-09	26.9953926991728	0	0	0	0	36.0020009438703	0	0	0	0.695872197888945	0	131.044141164053	0	0	17.9902028637704	0	4.92054187550184	0	0	0	0	14.8112607368936	0	0	0	68.3407264865877	0.465830205490668	10.7899296527917	0	0
TCGA-EC-A1QX-01A-31D-A16D-09	0	0	0	0	0	290.808483016742	1.47562741593495	0	0	5.0747162110752	0	0	0	138.01926844635	95.1459376953917	0	4.20676056360283	0	0	82.8937461201559	0	11.3272408756878	0	0	0	43.8891979112564	0	0	0	0
TCGA-EO-A1Y5-01A-11D-A159-09	21.5556509524682	0	17.4498620335639	0	0	1.4617370992544	10.4613466311653	0	0	0.529543315687069	0	0	4.41149763009204	0	0	0	0	0	0	0	0	3.47845976951456	0	0	0	0	0	7.10511417597558	8.53484580714644	0
TCGA-EO-A1Y7-01A-11D-A159-09	36.6336353989698	0	0	0	0	0	0.966940017751455	0	0	2.18167914539472	0	0	0	0	0	13.8800078874403	0	4.25762489499234	0	0	0	0	0	0	0	0	0	0	0	0
TCGA-EO-A1Y8-01A-11D-A159-09	18.1561709844914	10.4976265714949	1.40403962775015	0	0	0	2.37633325932138	0	0	6.57889086082039	0	0	2.05415117477052	0	0	0	0	0.721658715904771	0	1.07397382065151	0.228220987849095	1.94285828011475	0	5.35984803081655	0	0	0	0	0	0
TCGA-EO-A2CG-01A-12D-A17W-09	17.8811992551247	0	0	0	0	0	4.43541364758635	0	0	7.58927567274386	0	0	0	0	0	0	0	0	0	0	0.222941729610987	0.432069128902557	0	0.697930329879425	0	0	1.74227553294504	0	0	0
TCGA-EO-A2CH-01A-11D-A17W-09	22.7122114405031	1.66686928969369	1.17537751172844	0	0	0	0.308664495877374	0	0	4.37118315147795	0	0	1.90859110677143	0	2.95105850093804	9.98564333201847	0.390901018199703	0	0	0	0	0	0	0	0	0.0580313468496665	0	0	0.752558974541071	0
TCGA-EO-A3AS-01A-11D-A19Y-09	0	0	67.4381084141259	21.2933063944422	0	14.3507583781815	9.0379671195045	0	0	0	0	0	15.925575940396	6.73640890825971	2.80127213454433	0	3.33911413731534	0	0	10.2065303545337	2.59999551083889	2.61517475059146	3.5787465236198	11.4344511738538	0	0	0	0	0	0
TCGA-EO-A3B1-01A-12D-A19Y-09	15.3540353968339	0	0	0	0	0	1.64632262237541	0	0	3.96688708071101	2.60837684952259	0	4.35184322691179	0	3.70552426315785	7.30588171997374	0	0	0	0	3.34052177033478	0.533124006735552	0	5.83266264336595	0	0	0	0	2.23945989835474	0
TCGA-EO-A3KU-01A-11D-A228-09	44.5087699340626	0	16.7632700580399	0	0	0	0	0	0	0	0	0	3.51856764773065	0	0	0	1.02987376549273	1.27752835257078	0	0.555257934683166	3.88737245300196	1.95208527298086	0	0	0	0	0	0	0	0
TCGA-EO-A3KW-01A-11D-A228-09	12.3188002421657	0.864924794731997	0	0	0	0	2.6194080231365	0	0	0	0	0	2.66436199126708	0	19.6386704654981	0	0	9.50865462429613	0	0	0	0	0	0	0	0	0	0	0	0
TCGA-EO-A3L0-01A-11D-A228-09	59.8754677204046	0	0	0	0	0	0	0	0	8.09869507719205	0	0	0	0	4.66637242912227	0	0	0	1.39914282822209	0	0	0	0	9.69478820072932	0	0	0	0	0	0
TCGA-EY-A1G7-01A-11D-A13L-09	86.5430252764788	0.760551616562398	0	0	0	0	0	0	0	0.0505817436949199	0	0	0.618301176395289	0	0	0	2.11731668236357	0.319404039191777	0	0	0	0	0	0	0	0	0	0.0852098588864277	0	0
TCGA-EY-A1GC-01A-11D-A13L-09	14.6861963102473	0	0	3.43612197471365	0	18.0168201491011	0.187398058543963	0	0	0	1.53962616989496	0	0.543354440230973	0	0	0	0	0	0	0	0	4.44144646001908	0	0	0	0	0	0.80036163971391	0	5.37487432207037
TCGA-EY-A1GE-01A-11D-A13L-09	29.0447914693996	2.13359858928291	0	0	0	3.9403546471365	0	0	0	0	0	2.45082077254454	0	0	0	0	0	0	0	0	0	0	0	1.31306246206905	0	0	0	2.63669633756667	0	0
TCGA-EY-A1GF-01A-11D-A13L-09	32.2003585449714	0	0	10.2921136620072	0	167.236559232921	1.72279664327499	27.7369533975089	0	9.98322515600553	0	0	0	0	12.8340569895841	0	0	0	0	45.5801691533916	0	0	0	0	0	16.0536222860087	4.95585154651982	0	5.82508850829313	0
TCGA-EY-A1GH-01A-11D-A13L-09	75.8630329344774	0.468624496232215	0	0	0	0	0	0	0	0	0	0	0.174856326049223	0	0	0	0	0	0	0	0	0	0	0	0	0	0	0	0	0
TCGA-EY-A1GL-01A-11D-A13L-09	19.392039621428	4.6474178789652	0	0	0	5.62630490254759	1.29143011223538	0	0	9.53939363992243	0	0	0.501708734580775	0	9.9936100210064	0	0	0	0	0	0.0983562324711299	0	0	0	0	0	0.371892278748636	0	0	0
TCGA-EY-A1GM-01A-12D-A14G-09	27.139713252053	0	0	0	0	3.93647942397517	4.54143124897057	0	0	0	0	0	0	0	6.58989251524572	0	0.338744142026588	0	0	0	0	1.8145602909996	0	0	0	0	0.965567792997432	0	0	0
TCGA-EY-A1GO-01A-11D-A14G-09	27.5900488915273	9.13386893098839	0	0	0	162.528923192261	0	0	0	0	0	0	0	0	11.5534283652734	0	0.68281459781547	0	47.5385169118026	52.1364913632573	0	0	0	0	0	0	0	0	0	10.608085328102
TCGA-EY-A1GP-01A-11D-A13L-09	19.525910091548	0	4.18563360668615	0	0	0	0.886313392637429	0	0	0.494129848848437	0	0	2.44710845665574	0	0	0	0.388425650676457	0	0	1.24002968249297	0	0.258808575762686	0	3.84016869885977	0	0	0	0	4.27861385161167	0
TCGA-EY-A1GQ-01A-21D-A13L-09	27.3118876435598	0	0	0	0	290.100112727747	0	0	0	4.97143304310933	0	39.7277620555544	0	0	0	0	0	0	0	28.4362327810283	0	0	0	0	0	71.9726648548591	2.0780677134893	2.84880920669068	0	0
TCGA-EY-A1GR-01A-11D-A13L-09	32.8734978749375	0	14.6171289038298	0	0	0	0	0	0	1.1370187414958	0	0	4.00472716055753	0	0	0	8.35284271682237	0	0	0	0	0	0	0	0	0	0	0	0	0
TCGA-EY-A1GS-01A-11D-A13L-09	30.538388851656	57.3354292592784	0	0	0	0	43.5636589339983	0	0	2.21523576145087	0	0	220.996893111545	0	0	0	0	0	0	0	0	0	0	18.9457270516959	0	0	0.0985046767780801	0	0	0
TCGA-EY-A1GT-01A-11D-A13L-09	66.5806273249774	0	0	0	0	18.3629924079253	3.80406897796717	0	0	0	0	0	1.47594381574464	0	0	0	0	0	0	0	0	0	0	0	0	0	0	0	0	0
TCGA-EY-A1GV-01A-11D-A13L-09	13.6464503524705	3.1667573194983	14.4193361543519	0	0	0.323995419539176	0	0	0	0	0	0	0.660651370691921	0	0	0	0	0	0	1.30159730823282	1.72566354871343	0	0	0	0	0	0	0	1.40157914954156	0
TCGA-EY-A1GW-01A-22D-A13L-09	13.5889638705642	0	5.47444236680887	0	0	10.4753577581602	7.7879881802326	0	0	0.288675978052069	0	0	1.45379012575041	0	2.24411270905841	0	0.215040344381336	3.75781169045198	0	0	0	0	0	0	0	0	1.73006530135055	0	6.34694622150451	0
TCGA-EY-A1GX-01A-12D-A13L-09	66.1731561840536	0	0	0	0	1.30659315416268	5.51494626823673	0	0	0	0	0	0	0	0	0	0	0	0	2.94032137304607	0	1.82278025395439	0	0	0	0	0	0	9.41678249029746	0
TCGA-EY-A1H0-01A-11D-A13L-09	90.1509243114653	0	0	0	0	201.847135518685	0	0	1.58043069022223	0	0	31.545595473761	0.52158655376317	0	0	0	9.57638905296283	0	0	0	0	0	0	0	0	0	0.477330906621617	0	8.93216983447135	0
TCGA-EY-A210-01A-11D-A159-09	13.2257635950139	0	0	0	0	0	3.46482310849562	0	0	0.31812637136019	0	0	0.401022179150105	0	3.95617919207309	4.81104865875144	0	0.963351032315155	0	0	0	1.70705293538616	0	5.7974257869865	0	0	0	0	0	0
TCGA-EY-A212-01A-11D-A14K-09	13.6107661985823	0	21.6055215507784	0	0	2.6196339158043	1.73787122889745	0	0	0	0	0	9.54497708106506	0	11.0730680568495	1.65882239722098	0	4.02661536220351	0	0	0	0	0	0	0	0	0	0	0	0
TCGA-EY-A214-01A-12D-A159-09	9.73937428947789	0	7.41294834909966	7.25447333355931	0	0	0	0	0	0	0	0	3.6475973217083	0	4.02126160626112	0	4.36663308921612	0	0	0	8.58380485915577	1.27417081722474	0	8.73459629889378	3.2841308452459	0	0	1.31539778629074	0	3.74278711043574
TCGA-EY-A2ON-01A-21D-A18P-09	28.477741365002	1.35535824088639	3.81528632567975	0	0	0	7.25399816651426	0	0	0.0279836507951707	0	0	5.88813081555258	0	8.88672217512054	14.1660203453658	0	4.12118580317994	0	0	0	0	0	0.108182747508178	0	0	2.87998157318194	0	4.21023485514608	0
TCGA-EY-A2OO-01A-11D-A19Y-09	64.4557074032886	0	0	0	0	0	2.22103061927937	0	0	3.12837044917933	0	0	0	0.334408013259152	0	0	0	0	0	0	0	0	0	0	0	0	0	0	0	0
TCGA-EY-A2OP-01A-11D-A19Y-09	122.968075542746	0	0	0	0	315.381554935262	0	0	0	0.438718318477971	0	30.8203768709529	0	0	0	0	0	0	0	0	0	0	0	0	0	0	0	0	0	0
TCGA-EY-A2OQ-01A-11D-A19Y-09	45.3757087173638	2.88257855180401	0	0	0	0	0	0	0	2.72351974608486	0	0	0.0687168721573613	0	0	0	0	0	0	0	0	0	0	0	0	0	0	0	3.32808631751702	0
TCGA-EY-A3L3-01A-11D-A228-09	23.17102874316	1.66181514434907	0	8.97513148511684	0	10.5962584724466	2.32170740293847	0	0	0	0	0	12.1743206948351	0	0	2.18712543574746	2.07476253895336	0	0	0	0	1.1943609677286	0	0	0	0	0.981631657863325	0	0	0
TCGA-EY-A3QX-01A-11D-A228-09	21.9386763073097	0	19.8349061746992	7.85788733098634	0	1.53629947517362	2.11818153305876	0	0	9.30006833042137	0	0	1.36776149827604	0	0	0	0	0	0	0	0	0	0	0	0	0	0	0	0	0
TCGA-EY-A4KR-01A-11D-A27P-09	32.8017622459307	0	33.8902983435782	0	0	0	0	0	0	0	0	0	15.8133747013211	0	0	0	1.18827101323053	0	0	10.6147339101571	0	0	0	0	0	0	0	3.74678224541158	1.69520271272835	0
TCGA-EY-A547-01A-11D-A27P-09	24.5745303543011	0	8.3416221380975	0	0	102.578210693417	0	0	0	0	0	0	0	0	0	0	0	0	0	0	3.97817722079283	11.3139500059803	0	9.09118011694315	0	0	0	0	0	0
TCGA-EY-A548-01A-11D-A27P-09	183.784578710946	0	0	0	0	305.247764665281	0	0	0	3.93272074740272	0	0	0	0	87.9743395927096	0	0	0	0	0	0	0	0	0	0	0	2.29389206743033	0	0	0
TCGA-EY-A54A-01A-11D-A27P-09	39.9552131902838	2.87175458346908	12.3118541601358	4.10730281346341	0	0	1.03219318643507	3.13439925545133	3.31023615485006	0	0	0	12.4908948982964	0	10.5728187299193	0	6.68574069384627	0	0	0	0	0.0563584618671547	0	4.63415949600481	0	0	0	0.455544221804946	8.16803913837986	0
TCGA-EY-A72D-01A-12D-A34Q-09	33.6559148690243	0	0	0	0	0.858432515533626	0	0	0	5.53898358025525	0	0	0.631538161722494	0	2.75778399431691	0	1.97169594364409	0	0	0	2.7114433624907	1.60324509565424	0.481755509740197	0	0	0	0	0	1.91920927140284	0
TCGA-FI-A2CX-01A-11D-A17D-09	7.73541952495488	0	4.9480947907099	0	0	0	0	0	0	0.665490519183597	0	1.9366471132717	3.8771930471415	0	0	0	0	0	0	0	0	0	0	0	0	0	0	0.325662722781999	4.46592830236788	0
TCGA-FI-A2CY-01A-11D-A17D-09	10.7945215116184	0	0	0	0	20.274342813467	0	0	0	1.02537214062352	0	0	3.83877506220849	0	0	0	0	0	0	0	0	0	3.65887776824732	0	0	0	0	0	0	0
TCGA-FI-A2D2-01A-11D-A17D-09	17.0267230042578	1.03235911775315	2.8776015530264	0	0	2.086595792662	0	0	0	3.65074717564964	0	0	1.39666961679073	0	1.75464262545534	0	0	0.471931560201505	0	0	0	2.46107885247759	0	0	0	0	0	0	2.44490945945128	0
TCGA-FI-A2D4-01A-12D-A17D-09	35.265935569491	0.20795720754856	0	3.47206622270875	0	258.73617755945	3.41239199374696	0	0	2.93473921165184	0	7.62322065788421	9.68826672713248	0	0	0	0	0	0	0	0	3.80728392330144	0	0	0	1.77827275689723	0	0	0	0
TCGA-FI-A2D6-01A-11D-A17D-09	108.645515223481	0	0	0	0	398.326731784544	0.759694150229861	0	0	12.8478564978682	0	0	0	0	14.6905394636159	0	0	0	0	31.9850701639982	0	3.5320751686422	0	0	0	27.8751556058891	0	0	0	0
TCGA-FI-A2EU-01A-11D-A17D-09	16.1015086517397	0.582414606112339	0	0	0	23.778578504676	4.01539869869774	0	0	0	0	0	6.36143013549679	0	0	0	4.12273032555352	0	0	0	0	0	0	0	0	0	0	0	0	0
TCGA-FI-A2EW-01A-11D-A17D-09	30.5492140792254	17.6175543455043	0.622587059981529	0	0	0	4.60341822121803	0	0	6.69768388140918	0	0	11.7220703547632	0	0	0	0	0	0	9.4644523655087	0	0	0	9.96032403147218	0	0	3.05551222057186	2.72281856892443	0	0
TCGA-FI-A2EX-01A-11D-A17D-09	37.1109111250679	3.36004199738825	0	0	0	0	0	0	0	4.56446634334221	0	0	11.5124036242207	0	4.92350200117537	0	1.37840255622501	0	0	0	0	0	0	2.42001528222105	0	0	0	0	2.79558919254377	0
TCGA-FI-A2EY-01A-12D-A18P-09	54.0200183124237	5.28393297513123	8.94161365987618	0	0	0	9.09069528414416	0	0	4.25096831226803	0	0	15.7894945257736	0	0	0	0	0	0	0	3.27064198351424	1.40633943161406	0	10.3195879460339	0	3.56822569378497	0	0	0	0
TCGA-FI-A2F8-01A-12D-A17D-09	24.0357198561729	9.30052134029521	0	0	0	0	3.96576967105835	0	0	6.1267068252946	0	0	19.1267100211967	0	5.13363191530133	0	0	0	0	0	4.22955732422102	0.167249887361965	0	2.80075099805064	0	2.51234781226627	0	0	0	0
TCGA-FI-A2F9-01A-11D-A17D-09	32.7978103618903	0	0	0	0	0	0	0	0	1.59377741136555	0	0.21002618635203	0.48672284920278	0	0	0	0	0.707930691571025	0	0	0	0	0	5.61038098397529	0	4.01532021582887	0	0	0	0
TCGA-FI-A3PV-01A-11D-A228-09	39.8614083391115	0	9.39009674232662	0	0	0	0.895153965863566	0	0	1.19808297623334	0	0	22.5791847568437	0.128641277862213	0	0	0	0	0	0	0	0	0	0	0	0	0	0	7.25011811904567	0
TCGA-FI-A3PX-01A-11D-A228-09	18.285650086502	0	23.7055238955265	0	0	17.9361194877233	5.43625558091759	0	0	0.251140892039155	2.7653958741517	0	5.68913006119048	0	5.24367455342436	0	0	0	0	0	0	0	0	0	0	0	0.158755397492147	8.33161204178846	5.73116253953748	0
TCGA-JU-AAVI-01A-11D-A403-09	18.7689067910043	0.563535857750662	0	5.25434015254835	0	15.177049379826	0	6.004177903451	0	1.18907956242296	0	0	6.51239548920759	0	0	0	1.74464039331088	0	0	0	0.114768191893294	0	0	0	0	0	0	0	1.4184854154758	0
TCGA-K6-A3WQ-01A-11D-A228-09	12.8994961683318	0.515191288352068	4.44087397825926	0	0	0	1.95707555493724	0	0	0	0	0	0.675308287124217	0	0	0.480705070188485	0	0	1.01307330973465	0.979409859192038	6.66474187082608	0	0	10.5009422224927	0	0	0	3.83778346785305	0	0
TCGA-KJ-A3U4-01A-11D-A228-09	18.9067445103619	0.948250618366842	9.95123099875457	0	0	0	4.25468972870118	11.2889062864941	0	0	0	0	0	0	6.67717030845951	0	1.15314671423887	0	0	0	0	0	0	0	0	0	0.213898054380033	2.09517872545569	0	0
TCGA-KP-A3VZ-01A-11D-A228-09	9.84893975912794	3.92428316635498	23.4846101775087	0	0	13.6466039674382	0	0	0	5.21677256758589	0	0	1.50368833706657	0	0	10.2061380569005	0	1.86345215296177	0	0	0	7.30222107875696	0	9.877292303216	0	0	0.30073734512731	0.968173425582566	8.37550987685573	0
TCGA-KP-A3W0-01A-21D-A228-09	26.2935960656499	0	0	0	0	0	0.601068118860266	0	0	0	0	0	0.540486735303855	0	0	0	0	0	0	0	0	5.63948822795631	0	0.826794162426598	0	2.41290903140557	0.0650592092302387	0	2.3199654267587	0
TCGA-KP-A3W1-01A-11D-A228-09	13.5947758399439	0.35822782730899	2.45833770316705	0	0	19.3516824080948	3.92619544211361	0	0	3.43670345449881	0	0	5.91151024141689	0	0	0	0.11740538092001	0	0	0	0	0	0	0	0	0	0	0	2.87081519827252	0
TCGA-KP-A3W3-01A-11D-A228-09	15.917138503451	0	0	0	0	0	6.93832617888398	0	0	0	0	0	1.91420426847219	0	0	0	0	0	0	5.07682308591936	0.449023493164567	0	0	11.6155157898004	0	0	0	2.68509243027651	0	0
TCGA-KP-A3W4-01A-11D-A228-09	18.7720076629157	0	4.47027186412664	0	0	4.85727087108503	0	0	0	0	0	0	5.1471716267246	0	6.55287759095149	0.799018191863674	0	7.88934012275331	0	0	0	0	0	0	0	0	0.696561480789563	0	5.87945758999648	0
TCGA-PG-A5BC-01A-12D-A27P-09	16.5960826411017	2.47486495944308	0	0	0	20.2005778983227	0	0	0	0	0	0	0	0	0	10.1832217528604	0	0	0	0	0	0	0	0	0	0	0	1.28730137204746	5.33712497372567	0
TCGA-PG-A7D5-01A-11D-A34Q-09	35.5336755431094	0	0	0	0	1.28460946250835	4.52490362912047	0	0	0.200041009893904	1.03806737760814	0	0.371748275692691	0	0	0	0.295207078426056	0.221982361955586	0	0	0	0	0	0	0	0	1.7036441190856	0	0.148338701956437	0
TCGA-QF-A5YT-01A-11D-A31U-09	0	0	0	0	0	0	0	0	0	0	0	0	0	0	9.13703490351222	0	0.561375449225481	0.961587770723563	0	0	0	0.00759670267358859	0	0	0	0	0.231963743602166	0	0	0
TCGA-QS-A5YR-01A-31D-A31U-09	76.1951113301632	0	0	0	0	166.025803990113	0	0	0	0	0	4.0719784850069	0	0	0	0	0	0	0	10.9122183627742	0	0	0	0	0	0	0.229548053221142	0	0	0
TCGA-QS-A744-01A-11D-A34Q-09	58.107898829007	0	0	0	0	0	1.02376814904491	0	0	0	0	0	2.00578108617515	2.75723004357731	0.24765964364281	0	0	2.85243975477535	0	0	0	0	0	0	0	0	0	1.1026020308705	4.3385146740641	0
TCGA-QS-A8F1-01A-21D-A37N-09	34.9387398470477	0	3.34067327924263	14.9254662279905	0	0	7.15782403387593	0	0	0	0.743481174160679	0	5.32316211537041	0	0	0	0	0	0	0	0	0	0	2.36972843768639	0	5.97699407504658	0	3.33994852679988	0	0
TCGA-SJ-A6ZJ-01A-12D-A34Q-09	50.3749146485519	5.71119852496923	0	0	0	0	0.967801380437076	0	0	0	0	0	0	0	8.18846577150652	0	1.40362725120641	1.13600145395097	0	0	0	1.68728529584053	0.328753466219624	2.42828040306035	0	0	0	0	0	0
TCGA-SL-A6J9-01A-11D-A31U-09	22.4061480200889	1.05708910948777	0	14.1918264901676	0	0	0	0	0	0	0	1.65584253725456	0	0	0	0.826696583953537	0.722800432652988	0	0	0	0	0.114619085811126	0	0	0	0	0	1.99258055050286	0	13.9137990554635
