Sample	Signature.1	Signature.2	Signature.3	Signature.4	Signature.6	Signature.7	Signature.8	Signature.10	Signature.11	Signature.12	Signature.13	Signature.14	Signature.15	Signature.16	Signature.17	Signature.18	Signature.19	Signature.20	Signature.21	Signature.22	Signature.23	Signature.24	Signature.25	Signature.26	Signature.28	Signature.29	Signature.30
TCGA-RZ-AB0B-01A-11D-A39W-08	8.96250764268888	0	0.550453403759656	3.06018860230083	0	0	0.410692525915596	0.155709775696266	0	0	0	0	0	0	0	0	0.594383363876265	0	0	2.81137703721315	0	0	0	0	0	0	0
TCGA-V4-A9E5-01A-11D-A39W-08	2.67116120001808	0	0	0	5.74641902393735	0	0	0	0	0	1.37784562277748	0	0	0	2.53256256590607	1.60200212952423	0	0	0	0	0	0	0	0	0	0	0
TCGA-V4-A9E7-01A-11D-A39W-08	5.80457983440932	0.0964222590337988	0	0	0	0	0	0	0	0	0	0	10.4024479329285	0	0	0	0	0	0	3.1145672558645	0	0.615759661513289	0	0	0	0	0
TCGA-V4-A9E8-01A-11D-A39W-08	0	0.246404119911606	0	0	0	0	0	0	0	0	1.29605080817439	0	0	3.22519155365964	0	0	1.66939718791122	4.59652123934374	0	2.41770144887514	0	0	0	0	0.039945678164377	0	0
TCGA-V4-A9E9-01A-11D-A39W-08	5.12192989319886	0	4.81093902861487	0.241914832035259	0	0.843515873545729	0	0	0	0	0	0	0	0	0	0	0	0	0	0	0	0	0	0	0	0	0
TCGA-V4-A9EA-01A-11D-A39W-08	3.05233268190875	0.890663422305895	0	0	9.52405651278774	0	0	0	0	0	1.30203369790541	0	0	0	0	0	0	0	1.70107552999607	0.621434980670842	0	0	0	0	0	0	0
TCGA-V4-A9EC-01A-11D-A39W-08	3.47627965048948	0	0.166531066246144	0	0	0	0	1.71883517067348	0.290874264757027	0	1.0221483566598	0	0.0757432283165068	2.46869890044312	0	0	0	4.69762801781852	0	0	1.33291613100364	0.0433178111283213	0	0.786164555077562	0	0	0
TCGA-V4-A9ED-01A-11D-A39W-08	0.701853917069551	0	2.34864481294361	0	0	0.535556229659206	0	3.53341623542418	0	0	1.32604318701003	0	0	0	0	0.478573364579045	0	0	1.69553655776328	2.22821903090287	0	0	0	0	0	0	0
TCGA-V4-A9EE-01A-11D-A39W-08	2.80103995336355	3.20956164127409	0	0	3.51655290436223	0	0	0.144011322702443	0	3.18018109540193	0	0	0	0	0	0	0	0	0.920664317527345	0	0	0	0	0	0	0	0
TCGA-V4-A9EF-01A-21D-A39W-08	7.19813069797465	0	0	0	0	0	0	0	0	0	0	0	0	0	0	0	0	0	0	2.4614988714105	0	0	0	0	0	0	0
TCGA-V4-A9EH-01A-11D-A39W-08	2.15828840610693	0	0	0	0.656783420469041	0	0	0	0	0	0	0	0	0	0.183350166070378	1.9743413678599	0	0	0	3.17765792965078	0	0	0	0	0	0	2.0888812231674
TCGA-V4-A9EI-01A-11D-A39W-08	3.57344384764374	2.06494606469302	0	0	0	0	0.401123936139153	0.0909875208377705	0	0	0	0	3.42154949531553	0	3.62215548773485	0	0	0	1.31396895731848	6.34429149532401	2.26578788587504	0	0	0	0	0	0
TCGA-V4-A9EJ-01A-11D-A39W-08	14.4852733689029	0	0	0	0	0	0	0	0	0	0	0	7.93965683157601	0	0.67273231366472	0	0.673165085329129	0	0.416856696271794	1.64834389388253	0	0	0	0	3.09205524821912	0	0
TCGA-V4-A9EK-01A-11D-A39W-08	2.64667343621981	0	0	0.949688251294894	0	2.66981096123745	0	0.206000869969317	0	0	0.137136727638088	0	0	0	1.1976839833112	0.433405959847037	0	3.63084476247325	0	2.34334053140456	0	0	0	0	0	0	0
TCGA-V4-A9EL-01A-11D-A39W-08	2.57678961697226	0	1.16386019144311	0	0	0	0	0	0	0	0	0	0	0	0	0	0	0	0	0.649872640716439	1.04155364089684	0	0	0	0.243383302533927	0	0
TCGA-V4-A9EM-01A-11D-A39W-08	6.12454874531371	0	7.09305446775239	0	1.64328313370464	0	0	0	0	0	0	0	0	0	0	0	0	0	0	1.29243532963961	0	0	0	0	0	0	0
TCGA-V4-A9EO-01A-12D-A39W-08	0	0.072654603840664	2.24246458914933	0	3.88638731460008	0	0	0	0	1.45031474838495	1.33109433784517	0	0	1.20843404459367	0	0	0	0	0	0	0	2.34340168754039	0	0	3.14952554820164	0	0
TCGA-V4-A9EQ-01A-11D-A39W-08	0	0.977557134182614	0	0	0	1.73507545788449	0	0	0	0	0	0	2.90244294675245	0	0	0	0	0	0	3.11887299564254	0	2.56245163083911	0	1.68279599266601	0	0	0
TCGA-V4-A9ES-01A-11D-A39W-08	4.02217210295631	0.681591326051351	0	0	0	0	0	2.30814133806626	0	0	2.95431812121491	0	0	0	0	0	0.948613470525129	0	0.76598358197867	0.185430535769227	0	0	1.01978398753048	0	0	0	0
TCGA-V4-A9ET-01A-11D-A39W-08	0	0	0	0	0	0	0	0	0	0	0	0.838517776216763	4.92598426762316	0	0	0	0	0	0	3.88495029108387	0	0.463241595495485	0	0	0	0	0
TCGA-V4-A9EU-01A-11D-A39W-08	0	0	0	0	0	0	0	0	0	0.288081270540283	0	0	3.95208611772382	0	0	0	0	2.98293901025393	2.50076571167885	2.32883565072672	0	0	0	0	0	0	0
TCGA-V4-A9EV-01A-11D-A39W-08	0.863526018660476	0	0	0	1.68875759081755	0	0	0	0	0	0	0	0.456912483346984	0	0	0	1.7027160497667	1.00279796165123	0	3.0262293624232	1.45175132728881	0	0	0	0	0	0.36650698520876
TCGA-V4-A9EW-01A-11D-A39W-08	0	0	0	0	7.15414639484687	0	0	0	0	0	0	0	0	0	0	0	0	0	0	0	1.84604459186493	0	0	0	0	0.170134558663383	0
TCGA-V4-A9EX-01A-11D-A39W-08	0.854812621899899	2.34669629508375	2.13351019542404	0	0.170423818831836	0	0	0	0	0	0.954432114331905	0	0	1.41577397838124	0	0	0	0	0	0	0	0	0	0	0	0	0
TCGA-V4-A9EY-01A-11D-A39W-08	0	0	0	0	0	0	0	2.88873394424901	3.4789309594703	0	0.952845383208869	0	0.815031917389946	0	2.4783674541409	0	0	0	1.67881253778731	0	0	0	3.42697058432441	0.272295175883756	0	0	0
TCGA-V4-A9EZ-01A-11D-A39W-08	12.0797328586489	0	0.437441947338905	0	0	0	0	0	0	0	0	0	0	0	0	0	0	0.469429210399364	0	0	1.97502985603903	1.06884309059131	0	0	0	0	0
TCGA-V4-A9F0-01A-11D-A39W-08	0	0	0.805296817444934	0	0	0	0	1.58362288922515	0	0	1.51344099131293	0	2.3881163695866	0	0	0	0	0.884305706878035	0	0.647831314397817	1.46092281947565	0	0	0	0	0	0
TCGA-V4-A9F1-01A-11D-A39W-08	0.0906825131853665	0	1.59999256637402	0	0	0	0	0	0	0.955076536605852	0.03794891210641	0	1.91751802354241	0	0	0	1.46386546052606	0	0.32104300468193	0	0	0	0	0.0434371456848086	0	0	0
TCGA-V4-A9F2-01A-11D-A39W-08	0	0	0	0	0	0	0	0	0	0	0	0	3.54790340019607	2.95850373913263	0	0	0	0	0	0.567489424682143	0	0	0	0	0	0	0
TCGA-V4-A9F3-01A-11D-A39W-08	7.02328644364232	0	0	0	0	0	0	0	0	0	0	0	0	0	0	0	0	0	0	2.12981698740827	0	0	0	0	2.84965176920742	0	0
TCGA-V4-A9F4-01A-11D-A39W-08	13.521524800429	0	0	0	0	0	0	2.05392361966054	0	0	2.63724154863513	0	0	0	0	0	0	0	0.36948829070473	0	0	0	0	0	0	0.825032483420872	0
TCGA-V4-A9F5-01A-11D-A39W-08	0.557604280827343	0	0.0693554911551106	0	0	1.02645741268324	0	0	1.59528833821625	0	0	0	0	0	0	0	0	0	0	2.31644683314907	0	0	0	0	2.57069370737759	1.84636825252427	0
TCGA-V4-A9F8-01A-11D-A39W-08	1.70811695831806	0.781916885851358	0	0	0.600087873801411	0	0	0.215113626156521	0	0	0	0	0	12.3191498603345	0	0	0	0	0	0	0	0	0	0	0	0	1.25045283972761
TCGA-WC-A87T-01A-11D-A39W-08	6.57251544399163	0	0	0	0	0	0	0.163210366727762	0.276660896518331	0	0	0	0	0	0	0	0	2.97348597777681	0.53235022141185	0	0.153495069095415	0	0	0	0	0	0
TCGA-WC-A87U-01A-11D-A39W-08	1.45442748965823	0	0	0	0	0	0	0.668982472289037	0	0	0	0	3.87712042838615	0	2.49918150341292	0	0	0.966067921011976	0	0	4.37078610875542	0	0	0	0	0.137711110140838	0
TCGA-WC-A87W-01A-11D-A39W-08	0.157415410889333	0	0	1.77054815954279	0	0.46700870335463	0	0.762708842736826	0	0.00660443401831292	0	0	0	0	0.448726756547582	0	0	0.309644489764207	0	2.63324806122465	0.055959435659855	0	2.09237095683305	0	0	0	0.801760272903282
TCGA-WC-A87Y-01A-11D-A39W-08	0	1.40469249850504	0	0	1.37726315534847	0	0	0	0	0	0	0	5.38759331282894	0	0	0	0	0.675037306013595	0.252089853596184	2.60925271009195	0.304499014667281	0	0	0	0	0	0
TCGA-WC-A880-01A-11D-A39W-08	0	0	1.96972135606709	0	0	0	0	0	0	0	0	0	0	0	0	0	0	0	0	1.63202116141405	5.13749993651127	0	0	0	0	0	0.563670718433911
TCGA-WC-A881-01A-12D-A39W-08	3.41761031521934	0	0.345597789750748	0	0	0	0	0.680470341380651	0	0	0	0	4.15802032904251	0	0	2.0554159393459	0	0	0	2.31194179887985	0	0	0	0	0	0	0
TCGA-WC-A882-01A-11D-A39W-08	7.24256548362209	0.520542804697178	0	0.235668666682908	0.512227246112605	0	0	0.217602512091449	0	0	0	0	0	1.53757637607594	0	0	0	0	0	2.55899596244234	0	0	0	0	0	0	0
TCGA-WC-A883-01A-12D-A39W-08	3.45718675938256	0	0	0	0	0	0	0	0.254449222883345	0	0	0	0	0	0	0	0	2.60694398568114	2.45078324420068	0	0.400257007015831	0	1.61236768471355	0	0.0127114287258879	0	0.353024225325341
TCGA-WC-A884-01A-11D-A39W-08	7.76178250190828	1.00962376064888	0	0	0	1.17290179977981	0	0	0	0	0	0	2.14710093120015	0	0	0	0	0	0	2.29735632067847	0	0	0	0	0	0	0
TCGA-WC-A885-01A-11D-A39W-08	8.86376300646376	0	3.18786737931947	0	0	0	0	0	0	0	0	0	0	0	0	0	0	0.727945938662308	0.506819330336338	2.14546748367154	0.0961674631435011	0	0	0	0	0	0
TCGA-WC-A888-01A-11D-A39W-08	3.06025590574766	0	0	0	0	2.25300026594046	0	0	0	0	0	1.10701896948956	3.35025266000809	0.247964017175857	0	1.38434623112644	0	0	0	2.43504801467287	0	0	0	0.846098025565372	0	0	0
TCGA-WC-A88A-01A-11D-A39W-08	9.04801692178298	0	0	0	0	0	0	0	0	0	0	0.933127805958983	0	0	0.274289996704191	0	0	0	3.69679167490583	2.08474842889485	0	0	0	0	0	1.65723078406858	0
TCGA-WC-AA9A-01A-11D-A39W-08	0	0	1.36933161456928	1.54496342412639	3.90625771082527	0	0	0	0.624706513923033	0	0	0	0.501899200237933	0	2.37620705445912	0	0	0	0	2.09461619656174	1.32083715390905	0	0	0	0	0	0
TCGA-WC-AA9E-01A-11D-A39W-08	11.3145507453079	0	0	0	0	0.941081445150437	0	0	0	0	0	0	0.788591652216873	0	0	0.0866200672136479	0	0	0	1.89755046009908	0	0	0	0	0	0	0
TCGA-YZ-A980-01A-11D-A39W-08	0	0	0	0	0	1.73846855668919	0	0	0	0	0	0	2.17247985879398	0	0	0	0	0	0	2.44487424411666	0	0	0	1.63640783980244	0	0	0
TCGA-YZ-A982-01A-11D-A39W-08	15.8981678062615	0	0	0	0	0	0	0	0	0	0	0	0	0	2.45570331470366	0	0	0.519126560215111	1.77769387886619	3.37657823014873	2.21700431966254	0	0	0	0	0	0
TCGA-YZ-A983-01A-11D-A39W-08	9.93224701074058	0.505445986608881	0	0	0	0	0	0	0	0	1.1722833023304	0	0	0	0	0	0	0	0	0	0	2.925112631438	0	2.87045865540921	0.108214114387801	0.0274427697391392	0
TCGA-YZ-A984-01A-11D-A39W-08	0	0	0	0.196386459701499	2.43778734246779	0	2.82308512110757	0	0	0	0	0	0	0.912271566767326	0	0	0	0	0	0	0	0.302712803550917	0	0	0	0	2.42925604135517
TCGA-YZ-A985-01A-11D-A39W-08	719.375151305422	0	0	0	0	0	0	0	0	0	0	0	0	0	0	0	0	0	0	0	0	0	0	0	0	0	0
